22,25
174,177
275,279
424,428
662,665
963,966
1088,1091
1120,1123
2113,2116
2255,2258
2411,2414
2516,2520
2903,3299
3162,3165
3179,3184
3280,3284
3414,3419
3594,3598
3718,3980
4039,4042
4106,4109
4121,4677
4274,4277
4578,4581
4935,5223
5051,5054
5339,5342
5883,5886
5897,5900
6148,6151
6365,6370
6396,6399
6420,6424
7065,7069
7286,7289
7434,7437
7482,7487
7490,7493
8071,8074
8262,8268
8439,8442
8527,8682
8653,8656
9092,9095
9126,9129
9487,9490
9494,9499
9684,9687
9864,9867
9906,9909
10118,10121
10264,10267
10494,10497
10545,10619
10597,10601
10922,11147
10973,10976
11586,11589
11841,11844
11923,11926
12206,12209
12382,12385
12509,12512
12549,12552
12635,12639
12713,12716
12907,12910
13288,13291
13298,13862
13360,13363
13443,13446
13718,13721
13828,13831
14089,14092
14184,14187
14257,14260
14419,14422
14479,14482
15062,15065
15350,15353
15747,15752
15774,15777
15866,15869
15869,15872
16388,16393
16445,16448
16525,16530
16667,16670
16735,16738
16745,16834
16932,16936
16997,17000
17115,17118
17144,17151
17198,17202
17312,17315
17769,17773
17828,17831
18025,18028
18182,18185
18329,18332
18492,18495
18998,19003
19204,19207
19320,19324
19424,19427
19451,19454
19738,19742
20093,20096
20137,20141
20290,20293
20554,20557
20557,20560
20755,20758
20962,20965
21042,21045
21137,21140
21143,21146
21459,21462
21637,21640
21720,21724
21740,21745
21970,21974
22505,22508
22632,22635
23047,23050
23194,23198
23232,23235
23243,23246
23355,23358
23365,23368
23469,23472
23561,23565
24207,24210
24233,24236
24289,24292
24389,24393
24843,24846
24897,24900
25095,25098
25218,25221
25278,25698
25751,25755
26093,26096
26277,26280
26360,26363
26420,26425
26426,26429
26620,26623
26660,26663
26768,26771
26901,26904
27349,27352
27367,27370
27563,27566
27665,27669
27826,27830
28822,28840
28976,28979
29097,29100
29342,29345
29753,29756
30093,30096
30174,30177
30460,30801
30577,30580
30769,30772
30905,30908
31615,31618
31684,31687
32210,32214
32319,32322
32398,32401
32478,32481
32658,32661
33292,33295
33333,33337
33458,33461
33477,33480
33630,33633
33718,33721
33797,33800
34116,34119
34155,34158
34420,34424
34518,34521
34884,34887
35600,35603
35608,35611
35618,35621
35845,35848
35870,36568
35981,36268
36067,36070
36099,36103
36243,36246
36595,36896
36651,36655
36665,36668
37085,37088
37159,37162
37268,37272
37680,37683
37819,37822
37934,37938
38507,38511
38784,38787
38925,38929
39158,39161
39323,39327
39423,39426
39486,39489
39620,40148
39694,39698
39792,39796
39992,39995
40942,40945
41045,41048
41275,41278
41835,41838
42083,42087
42283,42286
42345,42348
42541,42544
42543,42696
42789,42794
42885,42889
43251,43258
43308,43313
43476,43479
43754,43757
43920,43925
44194,44197
44309,44312
44392,44395
44402,44405
44629,44632
44698,44701
44725,44730
45348,45351
45749,45753
45767,45770
46051,46055
46171,46174
46254,46257
46465,46468
46473,46476
46690,46693
46704,46707
47472,47475
47502,47505
47564,47636
47589,47592
47869,47872
47905,47908
48439,48442
48548,48551
48743,48746
48852,48855
49000,49003
49007,49011
49294,49297
49502,49505
49505,49508
49555,49559
49609,49612
49832,49837
49894,49897
49929,49932
50537,50540
50610,50613
50790,50953
51001,51780
51173,51176
51427,51430
51711,51714
51836,51839
51908,51911
52202,52205
52488,52491
52735,52739
52845,52850
52895,52898
53011,53014
53233,53236
53308,53311
53316,53319
53689,53692
53799,53804
53848,53851
54187,54190
54398,54401
54410,55200
54662,54665
55018,55022
55087,55091
55466,55469
55633,55636
55975,55978
56806,56810
56827,56830
56834,56837
57003,57006
57090,57093
57109,57113
57338,57341
57365,57368
58045,58048
58195,58198
58419,58423
58559,58562
58906,58909
59398,59405
59498,59501
59531,59534
59565,59569
60130,60133
60367,60370
60402,60405
60837,61234
60925,60928
61151,61154
61197,61200
61400,61404
61622,61625
61653,61656
61854,61857
62117,62120
62194,62197
62334,62337
62544,62547
62722,62725
63121,63124
63234,63237
63252,63255
63406,63409
63927,63930
63947,63950
64287,64290
64295,64298
64306,64309
64373,64376
64392,64395
64409,64412
64546,64549
64822,64825
65228,65231
65470,65474
65661,65664
65786,65793
65796,65799
66178,66183
66310,66313
66363,66366
66562,66565
66785,66788
66894,66897
66923,66926
67019,67022
67161,67164
67606,67609
67727,67730
67793,67796
68227,68230
68472,68475
68951,69434
69062,69065
69382,69385
69469,69472
69648,69651
69766,69769
69785,69788
70396,70399
70556,70559
71080,71083
71253,71256
71368,71371
71390,71393
71426,71429
72193,72196
72292,72295
72314,72317
72994,72998
73252,73255
73364,73367
73678,73683
74111,74114
74310,74313
74599,74603
74909,74991
74982,74985
75374,75377
75389,75392
75457,75460
75650,75653
75670,75675
75975,75978
76093,76096
76154,76157
76277,76280
76607,76762
77243,77246
77313,77316
77332,77335
77574,77578
78181,78185
78259,78262
78639,78642
78827,78830
79088,79091
79103,79106
79159,79459
79276,79279
79312,79316
79438,79441
79651,79654
79675,79678
79750,79753
79887,79890
80144,80147
80180,80183
80212,80215
80445,80448
80449,80452
80865,80868
80959,80962
81233,81236
81467,81470
81669,81674
81822,81825
81885,81888
81903,81907
82012,82015
82257,82286
82311,82314
82522,82525
83370,83374
83486,83489
83756,83759
84228,84233
84517,84520
84597,84601
85125,85128
85468,85471
85733,85736
85843,85846
85983,85986
86342,86345
86358,86361
86433,86436
86610,86613
87144,87148
87161,87165
87353,87356
87375,87378
87561,87564
87897,87900
87952,87955
87960,87963
88082,88085
88254,88257
88295,88298
88538,88541
88650,88653
89020,89023
89023,89026
89048,89051
89389,89392
89573,89576
89587,89590
89611,89616
89747,89752
89864,89869
89941,89944
89976,89979
89990,89994
90214,90218
90385,90660
90417,90420
90576,90579
91141,91146
91488,91492
91583,91586
91625,91628
92345,92348
92472,92477
92650,92746
92785,92789
92952,92955
93039,93388
93113,93116
93566,93570
93807,93811
93900,93903
93988,93991
94083,94086
94147,94150
94433,94436
94940,94943
95243,95246
95698,95702
95867,95871
96179,96182
96259,96263
96340,96343
96373,96376
96500,96503
96576,96579
96745,96748
96953,96956
97395,97399
97550,97553
97579,97582
97831,97837
97854,97858
98039,98042
98132,98135
98639,98642
99040,99607
99211,99214
99410,99414
99519,99522
99569,99572
99675,99679
99680,100042
100244,100248
100252,100255
100301,100305
100486,100489
100602,100605
100675,100678
100710,100713
100714,100718
101206,101209
101212,101215
101700,101703
102774,102778
102824,102827
103352,103356
103776,103779
103781,103784
104039,104042
104045,104048
104232,104235
104388,104391
104498,104501
104517,104520
104610,104613
105070,105073
105201,105316
105276,105279
105926,105929
105929,105932
105954,105957
105958,105965
106106,106109
106381,106384
106511,106514
106575,106579
106786,106789
106796,106799
106907,106910
106962,106965
107310,107314
107318,107322
107838,107841
107866,107869
107947,107950
107959,107963
108239,108242
108885,108888
109186,109189
109324,109327
109403,109406
109502,109505
109661,109665
109802,109805
109821,109825
109829,110536
109843,109846
110272,110276
110373,110378
110491,110494
110544,110547
110617,110620
110879,110882
111438,111441
112239,112242
112256,112259
112933,112938
112957,112960
113066,113069
113150,113154
113317,113320
113510,113513
114016,114019
114541,115017
114550,114553
114748,114751
115152,115155
116369,116372
116409,116412
116463,116466
116497,116500
116510,116513
116577,116580
116629,116632
116912,116916
116949,116953
117403,117407
117529,117532
117591,117594
117669,117673
117909,117912
118011,118014
118146,118149
118317,118320
118355,118359
118419,118422
118462,118465
118467,118470
118661,118665
118795,118798
119604,119608
119629,119632
119652,119655
119755,119760
119942,120197
120052,120056
120079,120082
120088,120091
120155,120158
120433,120436
120676,120679
121002,121005
121604,121607
121749,121752
121801,121804
122203,122206
122375,122379
122478,122481
122506,122509
123507,123511
123525,123528
123647,123651
123667,123670
124041,124044
124627,125294
124826,124829
125414,125417
125836,125839
126358,126361
126390,126396
126939,126942
127178,127181
127510,127514
127769,127772
128210,128214
128447,128450
128464,128467
128667,128670
129290,129586
129312,129315
129362,129365
129376,129379
129415,129418
129491,129494
129613,129616
130177,130180
131379,131383
131779,131782
131982,131985
132305,132309
132546,132549
132765,132769
132828,132831
133009,133012
133105,133108
133339,133342
133367,133370
133371,133376
133605,133608
133625,133629
133741,133744
133909,133912
133944,133949
134061,134065
134502,134506
134590,134593
134683,134686
134743,134746
135120,135123
135304,135309
135408,135411
135801,135804
135804,135807
135923,135927
136256,136259
136259,136262
136342,136345
136453,136456
136496,136499
136510,136513
136559,136562
137448,137453
137503,137760
137988,137991
138036,138039
138110,138114
138139,138142
138210,138213
138221,138226
138234,138237
138330,138333
138560,138563
138701,138705
139105,139108
139175,139178
139358,139361
139373,139376
139552,139558
139632,139636
139847,139851
139901,139904
140219,140222
140346,140349
140558,140562
140606,140610
141142,141350
141515,141518
141610,141614
141620,141624
141721,142509
141875,141879
141889,141893
141954,141958
142025,142028
142365,142370
142635,142638
142693,142696
142698,142702
142919,142922
143025,143030
143063,143068
143275,143278
143426,143429
143916,143919
144489,145244
144512,144516
144642,144645
144668,144671
144992,144995
145087,145090
145302,145305
145667,145670
145774,145777
145806,145809
145847,145850
145862,145865
145950,145953
146735,146951
146825,146931
146830,146833
146905,146908
146991,146994
147111,147114
147114,147117
147333,147337
147717,147721
147744,147747
148137,148141
148235,148239
148383,148386
148692,148695
148703,148706
148804,148807
148923,148926
148962,148965
148991,148994
149106,149109
149288,149291
149383,149386
149772,149775
150327,150330
150913,150917
150930,150933
150980,150983
151040,151044
151438,151441
151506,151509
151692,151695
151873,151876
152313,152316
152437,152440
153061,153064
153330,153333
154363,154366
154520,154523
154941,154947
155141,155144
155334,155337
155354,155357
155462,155467
155798,155801
156334,156338
156437,156440
157259,157262
157435,157438
157610,157613
157725,157728
157847,157852
158200,158203
158296,158300
158384,158388
158389,158392
158525,158528
159550,159553
159833,159836
160244,160247
160320,160323
160386,160389
160389,160392
160427,160430
160443,160446
160555,160558
160798,160801
160833,160836
160933,160936
161067,161070
161164,161167
161884,161888
162160,163195
162436,162439
162440,162443
162466,162471
163126,163129
163195,163198
163206,163210
163297,163300
163330,163334
163488,163494
163561,163564
163959,163962
164159,164162
164210,164214
164602,164605
164744,164748
164834,164837
164938,164943
165252,165256
165283,165286
165333,165336
165413,165418
165783,165786
165919,165922
166049,166053
166083,166087
166148,166151
166245,166249
166587,166590
167107,167110
167293,167296
167523,167526
167634,167637
167751,167755
167845,167848
167921,167924
167992,167995
168275,168278
168676,168680
168704,168707
168720,168723
169011,169016
169175,169178
169279,169283
169329,169332
169383,169387
169842,169845
170020,170025
170127,170131
170374,170377
170642,170645
170712,170715
170779,170782
170903,170906
170998,171002
171021,171024
171189,171192
171447,171450
171633,171636
171762,171769
171777,171781
172103,172106
172298,172301
172428,172431
172510,172513
172708,172713
172758,172761
173041,173044
173079,173082
173082,173088
173137,173144
173516,173519
173527,173530
173737,173744
174074,174077
174546,174549
174590,174593
174600,174603
174919,174923
175215,175219
175266,175684
175317,175320
176179,176182
176313,176316
176326,176329
176383,176386
176423,176426
176806,176811
177059,177062
177095,177098
177110,177408
177181,177371
177191,177194
177486,177489
177846,177850
177875,177878
177968,177971
178020,178023
178193,178196
178591,178594
178859,178863
179105,179111
179298,179301
179301,179304
179319,179322
179848,179851
179870,179873
179919,179922
179974,179977
180244,180247
180409,180412
180441,180445
180560,180563
180628,180631
180741,180744
180926,180929
181416,181419
181945,181948
182620,182623
182716,182719
182724,182727
182732,182735
182916,182919
182983,182988
183046,183049
183190,183193
183544,183547
183580,184101
183693,183696
183698,183701
183734,183738
184030,184033
184302,184305
184686,184691
184969,184972
185127,185130
185252,185257
185399,185403
185540,185543
185658,185661
185782,185785
185790,185794
186032,186036
186052,186055
186173,186177
186207,186211
186339,186342
186379,186382
186610,186613
186629,186632
186755,186760
187013,187017
187102,187109
187297,187300
187392,187395
188285,188289
188319,188322
188467,188470
188883,188887
189004,189007
189062,189066
189111,189157
189494,189499
189764,189767
189864,189867
190010,190014
190033,190036
190054,190057
190057,190060
190203,190206
190348,190351
190390,190393
190644,190647
191083,191087
191245,191248
191359,191362
191441,191444
191736,191741
191920,191923
192192,192195
192528,192532
192550,192553
192687,192690
192741,192745
192809,192812
193037,193041
193402,193405
194040,194043
194388,194391
194463,194466
194863,194866
195263,195267
195346,195349
195736,195739
196025,196147
196229,196233
196242,196246
196411,196414
196417,196420
196605,196608
196759,196762
197130,197727
198011,198014
198061,198065
198254,198258
198385,198388
198445,198448
198448,198451
198541,198544
198566,198569
198654,198658
198704,198707
198879,198883
199175,199178
199402,199406
199590,199593
199685,199688
199777,199781
200034,200040
200251,200254
200441,200445
200502,200505
200805,200808
200823,200826
201227,201230
201398,201401
201434,201437
201558,201562
201713,201716
201842,201845
202339,202342
202451,202454
202472,202475
202487,202490
202933,202936
203045,203048
203053,203056
203120,203124
203354,203357
203454,203457
204099,204102
204152,204156
204490,204493
204530,204533
204566,204569
204881,204886
205199,205202
205389,205392
205820,205825
206333,206336
206603,206871
207126,207129
207365,207368
207408,207411
207623,207626
207665,207668
207905,207908
208125,208129
208177,208181
208219,208222
208336,208340
208359,208364
208382,208385
208465,208470
208726,208729
209215,209218
209375,209378
209389,209392
209554,209796
209761,209764
210103,210107
210410,210413
210599,210602
210824,210827
210829,210832
211187,211190
211485,211488
211509,211513
212025,212029
212118,212121
212135,212139
212346,212350
213252,213256
213337,213341
214503,214506
214724,214728
215158,215162
215322,215325
215706,215709
215882,215886
215920,215923
216383,216387
216558,216561
216766,216769
216786,216789
217015,217020
217101,217104
217153,217157
217174,217178
217568,217571
217930,217933
218155,218159
218253,218256
218263,218266
218455,218458
218467,218472
218662,218666
218684,218691
218861,218864
218999,219002
219920,219925
220344,220347
220597,220600
221083,221086
221114,221118
221155,221535
221195,221199
221336,221339
221367,221370
221429,221432
221571,221575
221741,221744
221949,221954
222052,222055
222156,222159
222248,222251
222304,222307
222369,222372
222516,223281
222658,222661
222727,222730
222843,222933
222896,222899
223200,223204
223228,223231
223362,223366
223397,223400
223403,223406
223517,223520
223650,223653
223746,223751
223843,223846
224166,224171
224290,224293
224373,224376
224378,224381
224669,224673
224806,224809
224933,224936
225407,225410
225544,225548
225684,225687
225687,225690
225777,226467
225832,225835
225853,225857
225963,225966
226088,226091
226137,226140
226187,226190
226219,226223
226270,226273
226700,226703
226863,226866
227105,227108
227146,227151
227347,227350
227431,227434
227509,227512
227564,227571
227736,227739
227819,227822
227871,227874
227952,227955
228016,228019
228122,228125
228153,228156
228238,228241
228578,228581
228590,228594
228748,228751
228909,228912
229007,229010
229143,229146
229864,229867
230009,230012
230200,230203
230628,230631
230667,230670
230883,230886
230960,230963
231094,231098
231180,231184
231302,231306
231392,231396
231524,231645
231555,231558
232063,232066
232433,232436
232608,232611
232892,232896
232903,232906
233148,233151
233308,233312
234115,234118
234186,234189
234318,234321
234384,234389
234454,234457
234459,234462
234626,234631
234632,234637
234642,234645
235295,235298
235403,235406
235454,236195
235561,235564
235584,235587
235694,235700
235745,235748
235784,235788
235867,235870
236116,236119
236374,236378
236418,236421
236426,236431
236440,236443
236505,236508
236684,236687
236687,236840
236744,236747
236825,237119
237068,237071
237087,237090
237167,237170
237247,237250
237299,237303
237340,237344
237469,237472
237544,237547
238400,238403
238634,238637
238651,238655
239206,239209
239603,239606
239698,239701
239842,239845
240317,240320
240509,240512
241098,241101
241308,241311
241321,241324
241538,241541
241582,241585
241637,241640
241791,241795
243987,243990
244136,244139
244197,244201
244509,244512
244601,244604
244692,244695
244739,244742
244856,244859
245237,245240
245256,245260
245335,245338
245515,245518
245558,245561
245987,245990
246107,246110
246173,246176
246542,246545
246572,246575
246605,246609
246641,246645
246700,246703
246755,246758
247345,247348
247355,247358
247416,247420
247721,247724
247875,247902
248206,248211
248632,248636
248639,248642
248664,248669
248836,248839
249462,249466
249804,249808
249893,249896
250290,250293
250514,250517
250633,250636
250639,250642
250703,250707
250825,250828
250954,250957
251037,251040
251192,251559
251632,251635
252096,252099
252272,252275
252353,252357
252452,252455
252710,252713
252923,252926
253249,253252
253355,253359
253468,253471
253534,253537
253667,253904
253741,253744
253972,253975
254214,254217
254233,254236
254406,254409
254447,254450
254497,254500
254643,254646
254751,254754
254965,254968
255688,255691
255919,255922
256102,256105
256465,256468
256477,256480
256547,257081
256927,256930
256938,256941
257280,257283
257407,257410
257606,257610
257694,257697
257756,257900
257803,257807
257814,257818
257836,257841
257844,257847
257848,257852
257879,257883
258141,258144
258255,258258
258497,258500
258762,258765
258844,258847
258983,258986
259063,259066
259351,259354
260121,260125
260378,260381
260476,260480
260513,260516
260603,260606
260802,260807
260924,260930
261006,261009
261251,261255
261445,261448
261594,261597
261601,261605
261844,261848
261846,262670
262530,262533
262707,262710
262898,262902
263099,263105
263137,263140
263226,263229
263334,263337
263376,263379
263608,263611
264059,264062
264134,264138
264182,264185
264321,264324
264611,264614
264653,264656
265260,265263
265396,265399
265434,265438
265555,265558
265628,265632
265728,265731
265762,265767
265966,265969
266101,266104
266411,266414
266451,266454
266486,266489
266721,266724
266801,266804
266953,267403
266968,266971
267158,267165
267225,267228
267356,267359
267866,267870
268014,268017
268257,268261
268366,268369
268492,268495
268525,268528
268606,268610
268734,268737
268802,268805
269143,269146
269375,269378
269527,269534
269879,269883
270494,270497
270578,270581
270700,270703
271012,271015
271462,271465
271478,271481
271698,271702
271861,272183
272026,272030
272298,272301
272303,272306
272342,272345
272762,273173
273346,273349
273810,273813
273933,273936
274054,274057
274060,274063
274107,274110
274318,274321
274420,274425
274545,274548
274603,274609
274855,274858
274913,274916
275096,275099
275121,275126
275302,275306
275794,275797
275884,275889
276104,276107
276209,276213
276283,276286
276340,276344
276692,276695
276775,276778
276822,276826
276833,276836
276854,276857
277232,277235
277286,277289
277302,277305
277315,277318
277628,277631
277857,277860
277930,277934
278080,278083
278285,278581
278312,278315
278938,278941
279007,279010
279232,279235
279494,279497
280011,280014
280065,280068
280222,280225
280341,280344
280458,280461
280513,280516
280633,280639
280662,280666
280880,280883
280893,280896
281021,281024
281458,281462
281636,281640
281719,281722
282103,282106
282156,282159
283186,283191
283350,283353
283535,283538
283654,283657
283771,283775
284006,284010
284237,284240
284646,284649
284696,284700
284839,284842
284906,284909
284933,284938
285141,285145
285494,285497
285774,285777
285841,285844
286155,286158
286425,286532
286631,287145
286836,286840
287042,287045
287100,287104
287406,287409
287515,287518
287886,287889
288299,288303
288437,288440
288534,288537
288760,288763
289149,289152
289488,289491
289711,289715
289962,289965
290189,290192
290271,290921
290489,290492
290703,290706
290746,290750
290852,290856
290888,290891
291017,291020
291028,291032
291198,291201
291226,291229
291591,291595
291954,291957
292069,292072
292553,292556
292654,292657
292832,292836
293211,293214
293765,293768
294043,294047
294357,294360
294378,295011
294439,294442
294718,294721
294721,294724
295047,295050
295244,295247
295330,295333
295369,295372
295384,295388
295507,295510
295542,295545
295603,295606
295618,295621
295636,295640
295808,295811
295845,295850
295952,295955
296118,296123
296448,296452
296624,296629
297063,297068
297337,297341
297458,297464
297679,297682
297837,297840
297927,297931
298598,298601
298670,298673
298738,298741
298825,298828
298972,298975
298978,298981
299245,299248
299383,299386
299489,299492
299534,299537
299581,299584
299671,299676
299803,299807
299843,299847
299988,299993
300122,300126
300183,300186
300510,300513
300799,300803
300843,300846
301012,301016
301278,301282
301453,301456
301773,301776
302185,302188
302262,302268
302512,303153
302908,302912
303509,303512
303552,303555
303646,303649
303649,303652
303879,303882
304005,304008
304225,304228
304682,304686
304758,304761
304791,304795
304860,304863
305034,305037
305275,305278
305339,305342
305493,305496
305732,305735
306387,306390
306501,306504
306515,306518
306521,306525
306589,306592
306660,306663
306939,306944
307136,307139
307152,307155
307319,307322
307575,307578
307797,307801
307837,307841
308100,308103
308293,308296
308588,308591
308661,308664
308864,308867
308937,308940
309047,309132
309110,309113
309142,309145
309170,309173
309419,309422
309618,309621
309669,309673
309912,309916
309939,309942
309957,309960
309994,309999
310111,310114
310164,310168
310200,310203
310257,310261
310525,310528
310725,310728
310733,311212
310896,310899
310907,310911
311133,311136
311217,311220
311555,311559
311644,311647
311889,311892
311904,311909
311928,311931
312159,312162
312668,312671
312780,312783
312783,312786
312950,312953
313021,313024
313061,313064
313077,313080
313183,313188
313254,313259
313347,313350
313405,313408
313563,313566
313609,313612
313841,313844
314161,314164
314193,314196
314334,314338
314998,315019
315222,315225
315255,315258
315275,315278
315328,315331
315459,315462
315505,315509
315570,315576
315703,315706
315751,315754
315846,315849
315967,315970
316033,316252
316404,316408
316416,316419
316592,316595
316655,316658
317007,317011
317093,317096
317272,317275
317289,317292
317478,317481
317544,318199
317768,317771
317880,317884
317958,317961
318284,318287
318539,318542
319461,319464
319523,319526
319636,319639
319852,319855
319957,319961
320096,320099
320348,320351
320383,320387
320582,320586
320795,320798
321404,321410
321473,321713
321650,321653
321928,321933
321958,321961
322022,322025
322136,322139
322190,322193
322201,322265
322484,322488
322830,322833
323132,323135
323480,323483
323515,323518
323641,323644
323647,323650
323856,323859
324033,324037
324053,324056
324197,324200
324230,324233
324522,325431
324594,324597
324999,325002
325134,325137
325160,325163
325216,325219
325309,325313
325473,325615
325537,326289
325718,325721
325732,325735
325899,326363
325966,325969
326089,326092
326496,326499
326555,326559
326639,326643
326842,326845
326867,326870
326949,326952
326969,326973
327002,327005
327150,327154
327625,327632
328102,328106
328226,328229
328438,328441
328686,328689
328794,328797
329041,329044
329092,329095
329099,329102
329412,329415
329604,329607
329620,329623
329876,329879
330027,330030
330142,330146
330280,330283
330552,330594
330664,330667
330800,330804
330840,330844
330879,330882
330973,330976
331389,331392
331734,331737
332625,332628
333175,333178
333343,333346
333652,333655
333698,333701
333876,333880
333961,333964
333986,333990
334064,334067
334145,334148
334180,334183
334256,334259
334323,334327
334362,334365
334425,334429
335013,335016
335075,335078
335339,335342
335439,335442
335504,335507
335701,335704
335921,335924
336158,336162
336303,336306
336460,336463
336617,336621
336813,336816
336936,336939
336981,336984
337114,337117
337291,337294
337699,337702
338004,338009
338061,338064
338167,338170
338403,338406
338455,338594
338589,338592
338635,338638
338904,339373
339031,339034
339148,339152
339350,339353
339401,339404
339855,339858
339979,339982
340127,340310
340186,340189
340388,340391
340651,340654
340802,340806
340828,340833
341022,341054
341052,341055
341121,341125
341448,341451
341618,341622
341654,341657
341661,341664
341669,341672
341675,341679
341790,341795
341966,341970
341974,341977
342274,342277
343101,343104
343291,343294
343454,343457
343469,343472
343609,343612
343719,343722
344348,344351
344418,344421
344572,344575
344632,344635
344821,344824
344851,344855
345025,345028
345084,345087
345110,345113
345371,345374
345671,345676
345893,345896
345908,345911
346090,346093
346117,346121
346597,346600
346602,346605
346613,346616
346952,346956
347014,347017
347202,347206
347298,347301
347390,347393
347444,347447
347470,347473
347609,347613
347939,347942
348006,348009
348028,348031
348218,348222
348234,348237
348346,348349
348584,348587
348982,348985
348987,348990
349201,349204
349453,349456
349581,349584
349762,349765
349943,349947
349970,349974
351041,351044
351577,351581
351597,351602
351605,351608
351699,351702
351782,351785
351853,351856
352003,352006
352381,352384
352531,352534
352657,352661
352669,352672
353359,353362
353630,353633
353852,353855
354001,354004
354102,354105
354179,354183
354458,354461
354470,354473
354652,354655
354709,354712
355126,355129
355326,355330
355400,355403
355731,355734
355852,355855
355909,355912
355977,355980
356136,356139
356329,356332
356622,356625
356805,356808
356928,356931
357169,357172
357216,357219
357314,357318
357483,357486
357532,357535
357582,357585
357941,357946
358434,358437
359015,359018
359056,359060
359121,359126
359261,359264
359548,359551
359968,359971
360036,360039
360530,360949
360665,360668
360774,360779
360855,360858
360880,360883
362000,362004
362847,362850
363180,363183
363260,363263
363759,363762
363773,363776
363850,363856
363919,363922
364007,364010
364581,364584
364757,364760
365044,365050
365152,365155
365389,365392
365491,365494
365524,365527
365533,365978
365665,365668
365841,365844
366068,366071
366336,366339
366337,366776
366490,366493
366497,366500
366604,366607
366790,366793
366831,366835
366950,367053
367372,367375
367999,368002
368008,368013
368136,368139
368146,368149
368187,368190
368239,368243
368315,368318
368351,368356
369121,369124
369202,369205
369436,369762
369860,369863
370017,370020
370148,370151
370199,370202
370244,370247
370824,370827
370850,370853
370939,370943
371039,371042
371077,371080
371583,371589
371656,371659
371659,371662
372117,372120
372203,372206
372310,372313
372649,372653
372668,372671
372887,373258
373096,373099
373217,373220
373246,373250
373263,373266
373866,373871
373890,373893
373999,374002
374100,374104
374214,374217
374229,374232
374298,374301
374512,374515
374566,374571
374646,374650
374695,374698
374764,374769
375171,375176
375206,375209
375409,375412
375487,375490
375492,375495
375550,375553
375687,375690
375896,375899
375930,375990
375975,375978
375997,376002
376132,376135
376268,376271
376431,376434
376441,376444
377146,377151
377229,377232
377344,377348
377364,377368
377603,377606
377628,377632
377783,377786
377786,377789
377858,377861
378307,378310
378646,379142
378732,378736
379280,379283
379942,379946
379981,379984
380258,380261
380553,380556
380618,380621
381104,381107
381108,381547
381175,381178
381391,381394
381408,381411
381581,381584
381736,381739
381809,381812
381828,381831
381832,381835
381909,381912
382217,382220
382539,382543
382702,382707
383003,383008
383170,383173
383556,383561
383586,383590
383594,383597
383630,383633
383677,384175
384089,384092
384581,384586
384849,384852
384925,385547
384950,384953
385058,385176
385295,385298
385300,385912
385773,385776
385799,385802
385923,385928
386006,386009
386039,386042
386057,386060
386076,386079
386425,386428
386723,386726
386822,386825
386896,386899
386964,386967
387270,387273
387353,387356
387413,387416
387571,387575
387983,387986
388018,388021
388393,388396
388749,388752
388757,388760
388871,388876
389040,389043
389048,389053
389130,389135
389211,389214
389355,389475
389471,389477
389601,389604
389821,389824
390144,390147
390154,390158
390325,390328
390390,390393
390687,390691
390918,390922
391262,391265
391324,391327
391329,391332
391385,391388
391685,391688
391715,391720
391796,391800
391876,391883
391997,392001
392003,392006
392015,392018
392470,392473
392761,392765
392878,392881
393226,393229
393295,393298
393429,393432
393483,393486
393499,393504
393620,393623
393715,393719
394001,394004
394075,394078
394350,394353
394433,394436
394439,394443
394769,394773
394970,394973
395283,395286
395600,396120
395655,395658
395926,395929
396414,396418
396560,396563
397021,397028
397032,397036
397228,397233
397297,397300
397304,397308
397418,397421
397498,397501
397520,397523
397809,397812
397828,397831
397950,397953
397973,397977
398046,398049
398387,398390
398397,398400
398818,398821
398989,398992
399740,399744
399767,399771
399779,399782
399827,399830
399849,399852
400006,400010
400239,400242
400419,400423
400489,400492
400619,400622
400920,400923
400928,400932
400963,400966
401563,401566
401685,401689
401774,401777
401943,401946
402092,402095
402098,402101
402356,402359
402471,402475
402494,402497
402507,402510
402651,402656
402722,402725
402763,402766
403079,403212
403144,403147
403609,403612
403773,403777
404008,404012
404185,404189
404385,404388
404567,404570
404595,404598
404639,404816
404661,404664
404834,404837
404995,404998
405198,405202
405328,405331
405373,405577
405646,405649
405659,405662
405879,405882
406272,406278
406305,406310
406461,406464
406630,406634
406672,406675
406902,406905
407035,407039
407588,407591
407623,407626
408152,408155
408357,408361
408409,408412
408412,408415
409295,409298
409523,409526
409857,409860
409998,410001
410063,410066
410233,410236
410559,410602
410612,410615
410673,410676
410708,410711
410713,411470
410745,410748
410769,410772
410786,410789
410967,410971
411074,411078
411216,411219
411290,411293
411603,411607
411627,411630
411915,411918
412230,412233
412418,412421
412494,412498
412582,412585
412844,413541
413096,413099
413467,413471
413498,413502
413616,413619
413684,413689
413961,413964
414030,414036
414362,414365
414428,414431
414481,414485
414587,414590
414860,414863
415179,416035
415344,415348
415416,415422
415479,415482
415542,415545
415768,415772
415975,415979
416070,416073
416229,416232
416330,416333
416485,416488
416703,416707
416875,416879
417085,417088
417148,417152
417566,417569
417665,418478
417832,417835
418034,418037
418601,418604
418688,418691
418977,418980
419050,419054
419301,419304
419448,419451
419789,419792
419798,419801
420213,420216
420265,420268
420301,420304
420484,420488
420511,420569
420591,420594
420607,420611
421079,421082
421141,421144
421474,421477
421593,421597
421651,421654
421826,421831
421872,421875
421948,421951
422107,422111
422115,422118
422283,422286
422362,422365
422643,422646
422650,422653
422882,422885
423056,423059
423264,423267
423494,423497
423538,423541
423661,423665
424010,424013
424280,424283
424353,424726
424711,424714
425218,425222
425650,425917
425780,425783
425833,425836
426120,426123
426228,426231
426391,426394
426479,426483
426983,426986
427048,427051
427073,427076
427146,427150
427166,427169
427217,427220
427520,427523
427525,427528
427590,427593
427994,427997
428150,428153
428174,428178
428755,428759
428788,429107
428999,429003
429084,429087
429247,429250
429323,429327
429581,429585
430055,430058
430333,430336
430453,430456
430465,430468
430564,430567
430593,430596
430646,430649
430997,431000
431066,431069
431242,431539
431482,431487
431530,431533
431824,431827
431940,431943
432233,432237
432321,432485
432660,432663
432672,432675
432997,433000
433014,433017
433081,433084
433338,433341
433579,433582
433707,433710
434251,434255
434309,434312
434323,434326
434496,434499
434693,434696
435287,435290
435506,435509
435823,435827
436506,436510
436525,436529
436694,436698
436709,436712
436998,437019
437382,437385
437445,437448
437472,437475
437482,437822
437902,437906
438310,438313
438357,438360
438400,438403
438407,438410
438524,438527
438622,438625
438727,438731
438903,438907
438990,438993
439042,439045
439141,439145
439199,439202
439252,439255
439644,439707
439731,439734
439743,439746
440546,440550
440588,440591
441081,441084
441399,441402
441489,441492
441551,441555
441731,441734
441873,442350
442023,442026
442123,442126
442677,442684
443227,443231
443324,443327
443448,443451
443562,443565
443713,443716
443824,443827
444028,444318
445071,445074
445120,445123
445130,445133
445190,445193
445346,445349
445473,445476
445532,445535
445584,446136
445589,445592
445798,445801
446258,446261
446295,446298
446418,446422
446707,446711
446971,446974
447484,447487
447788,447791
448012,448017
448165,448169
448445,448448
448531,448534
448616,448619
449343,449346
449446,449449
449485,449488
450036,450039
450150,450153
450516,450520
450524,451181
450553,450556
450729,450762
450972,450975
451069,451072
451210,451213
451390,451393
451933,451936
451991,451994
452079,452082
452304,452310
452614,452617
452694,453291
452950,452954
453008,453011
453184,453188
453323,454358
453926,453929
453939,453942
454313,454316
454530,454533
454687,454690
454895,454899
455305,455308
455382,455385
455539,455543
455961,455964
455991,455994
456171,456175
456668,456672
456851,456854
456882,456885
457015,457018
457027,457030
457216,457220
457277,457280
457490,457493
458020,458023
458587,458591
459751,459754
459787,459790
460027,460031
460354,460357
460434,460437
460500,460503
460859,460862
461035,461038
461115,461119
461185,461188
461680,461683
461941,461945
462318,462321
462562,462565
462637,462640
462722,462725
462813,462816
462816,462819
463140,463776
463465,463468
463638,463642
463721,463726
463828,463831
464231,464234
464352,464355
464523,464526
464830,464833
464993,465846
465002,465007
465250,465253
465315,465319
465392,465395
465457,465460
466163,466166
466418,466421
466421,466424
466601,467219
466617,466620
466969,466973
467220,467223
467475,467478
467605,467610
467698,467702
467925,467928
468662,468665
469043,469046
469292,469295
469488,469493
469514,469518
469799,469802
470354,470357
470543,470547
471190,471193
471313,471316
471337,471340
471368,471372
471528,471531
471743,471746
471994,471997
472191,472194
472499,472502
472532,472536
472610,472614
472823,472828
472914,472917
473025,473029
473110,473113
473191,473194
473206,473212
473353,473357
473450,473453
473562,473565
473745,473748
473959,473962
473967,473970
474102,474105
474123,474126
474190,474193
474237,474242
474298,474301
474865,474869
475057,475060
475079,475082
475192,475195
475424,475427
475573,475577
476088,476091
476772,476775
476889,476893
476971,476975
477605,477608
477812,477815
477887,477992
478051,478055
478062,478065
478369,478372
478596,478599
478754,478758
479145,479149
479234,479237
479253,479256
479822,479825
479878,479881
479976,479979
480394,480399
480604,480607
480632,480635
480962,480966
480971,480974
481009,481012
481178,481182
481210,481213
481227,481230
481259,481263
481505,481561
481824,481827
481884,481887
481910,481914
482015,482018
482146,482149
482389,482392
482429,482435
482718,482721
482774,482777
483344,483347
483472,483476
483481,483485
483516,483519
483656,483659
483666,483669
483996,484320
484089,484092
484190,484193
484379,484382
484802,484806
484932,484936
485004,485007
485014,485017
485061,485064
485080,485083
485237,485240
485307,486009
485321,485324
485845,485848
485866,485869
485958,486959
486225,486228
486249,486252
486259,486266
486325,486328
486404,486407
486518,486521
486528,486532
486708,486711
486908,486911
486929,486932
486965,486969
487145,487761
487356,487359
487599,487602
487701,487704
487792,487795
487883,487886
488004,488007
488357,488360
488669,489274
488972,488978
489184,489187
489329,489332
489451,489454
489815,489818
489875,489878
489932,489935
490017,490020
490062,490069
490196,490199
490317,490320
490336,490339
490512,490515
490583,490587
490644,490648
490751,490754
490791,490794
490915,490919
490957,490960
491044,491047
491214,491217
491300,491303
491369,491372
492148,492151
492331,492334
492414,492418
492614,492617
492659,492662
493116,493119
493134,493137
493259,493262
493399,493762
493623,493626
493678,493681
493903,493906
493907,494052
494108,494111
494146,494150
494204,494208
494396,494400
494425,494428
494562,494565
494874,494877
494988,494991
495371,495374
495716,495719
495849,495854
495921,495924
496454,496457
496763,496766
497048,497051
497304,497307
497376,497379
497424,497427
497511,497514
497737,497740
497849,497852
497909,497912
498408,498414
498464,498582
498488,498492
498660,498663
498688,498692
498728,498731
498782,498785
499059,499062
499490,499993
499627,499630
499771,499774
499807,499810
500098,500101
500374,500377
500425,500429
500534,500537
500715,500719
500770,500773
501114,501118
501126,501129
501136,501140
501249,501252
501272,501275
501326,501329
501531,501535
501720,501723
501779,501782
501976,501979
502489,502492
502671,502678
502893,502896
503016,503020
503122,503159
503390,503394
503512,503516
503585,503589
503600,503603
503981,503984
504369,504372
504507,504510
504555,504559
504619,504622
504673,504676
505212,505624
505587,505590
505826,505831
505968,505971
506010,506013
506032,506035
506068,506071
506281,506285
506378,506382
506509,506512
506726,506730
506757,506760
506939,506942
506942,506945
507020,507023
507099,507102
507253,507256
507536,507539
507859,507864
508037,508040
508254,508257
508356,508359
508709,508712
508762,508766
509287,509290
509356,509446
509428,509431
509585,509588
509786,509789
509866,509869
510013,510017
510493,510496
510563,510566
510676,510679
511023,511457
511196,511199
511378,511382
511510,511513
511949,511952
512039,512043
512291,512294
512484,512488
512849,512944
512896,512899
513496,513499
513528,513531
513540,513543
513896,513899
513962,513965
513992,513995
514098,514101
514123,514127
514131,514134
514507,514511
514620,514623
514831,514834
515081,515087
515169,515172
515877,515880
515880,515883
515958,515961
516735,516944
517008,517011
517117,517120
517483,517487
517563,517566
517566,517569
517620,517624
517916,517919
518314,518321
519003,519006
519074,519077
519084,519087
519173,519476
519211,519214
519464,519468
519685,519688
519718,520052
520197,520200
520456,520459
520795,520798
520923,520927
521446,521449
522306,522309
523043,523047
523316,523319
523408,523937
523779,523783
523850,523854
524091,524107
524124,524127
524443,524446
524490,524493
524627,524630
525026,525029
525036,525040
525058,525061
525306,525309
525308,525789
525608,525612
525808,525811
525898,525901
526533,526688
526544,526548
526585,526588
526873,526877
526921,527253
526962,526966
527059,527062
527175,527178
527243,527247
528016,528019
528189,528192
528197,528200
528250,528253
528459,528462
528484,528487
528517,528520
528768,528771
529168,529171
529830,529833
530006,530009
530227,530230
530399,530402
530423,530654
530722,530725
530898,530901
530973,530977
531014,531017
531100,531104
531223,531227
531350,531353
531546,531549
531645,531648
531756,531759
531823,531826
531996,531999
532029,532032
532123,532126
532202,532206
532382,532385
532765,532768
533158,533161
533481,533484
533654,533657
533737,533740
534142,534145
534264,534267
534490,534494
534757,534954
534941,534944
535087,535092
535427,535430
535465,535468
535586,535589
535629,535632
535952,535957
535964,536555
536260,536265
536315,536318
536434,536437
536586,536589
536652,536655
536714,536717
537010,537013
537023,537026
537090,537093
537115,537118
537299,537303
538059,538062
538394,538400
538511,538514
538715,538718
538776,538780
539272,539275
539339,539342
539751,539754
539910,539913
540206,540209
540289,540292
540523,540526
541022,541025
541239,541242
541384,541387
541540,541543
541664,541668
541739,541742
541745,541749
541754,541757
541828,541831
541884,541888
542054,542057
542170,542252
542638,542641
542745,542748
542802,542805
542824,542827
542865,542868
543002,543005
543238,543241
543340,543343
543470,543473
543826,543829
543971,543975
544079,544082
544093,544096
544109,544113
544213,544216
544452,544455
544567,544570
544764,545455
544893,544896
545039,545043
545052,545055
545096,545099
545284,545287
545694,545697
545765,545769
545998,546001
546230,546233
546517,546520
546603,546606
546631,546634
546971,546976
547005,547191
547165,547168
547320,547323
547590,547594
547662,547665
547671,547674
547745,547748
547825,547828
547835,547838
548509,548512
548547,548550
548599,548602
548692,548695
548698,548701
548786,548789
549094,549097
549152,549156
549245,549248
549303,549307
549427,549430
549669,549672
549714,549717
549903,549906
549935,549938
549986,549989
549993,549996
550246,550249
550250,550254
550329,550332
550389,550392
550484,550487
550491,550494
550520,550524
550688,550691
550706,550709
550775,550778
550949,550952
551060,551063
551561,551564
551654,551657
552017,552020
552391,552395
552472,552475
552775,552778
552814,552818
552957,552960
553007,553010
553060,553063
553275,553279
553451,553454
553454,553457
553466,553469
553469,553472
553505,553508
553542,553545
553902,553906
553911,554135
553998,554001
554067,554070
554356,554359
554895,554898
554951,554954
554962,554965
555244,555247
555326,555329
555335,555338
555569,555572
555598,555601
555612,555668
555972,555975
555997,556000
556197,556201
556246,556249
556424,556427
556609,556613
556749,556753
557212,557215
557334,557337
557777,557780
557837,557840
558069,558072
558462,558466
558662,558665
558707,558710
558840,558847
558890,558894
558902,558905
559028,559031
559281,559284
559376,559379
559616,559619
559838,559841
560123,560126
560155,560158
560538,560542
560586,560589
560594,560598
560830,560833
560878,560881
561780,561783
562068,562071
562255,562258
562480,562483
562601,562605
562632,562636
562845,562849
562872,562875
562938,562941
562973,562976
562981,562984
563018,563021
563026,563029
563151,563154
563304,563308
563557,563560
563624,563628
563721,564301
563944,563947
564017,564020
564039,564043
564097,564101
564194,564197
564239,564242
564408,564412
564986,564989
565431,565434
565454,565457
565490,565494
565562,565565
565620,565623
565679,565683
566455,566458
566668,566672
566769,566773
566795,566798
567157,567160
567248,567251
567437,567440
567523,567526
567536,568109
567562,567565
567855,567858
568251,568254
568306,568310
568364,568367
568369,568372
568670,568673
568704,568707
568748,568751
568831,568834
568938,568941
569048,569051
569307,569310
569531,569534
569704,569707
569833,569837
570042,570046
570275,570279
570288,570291
570331,570334
570399,570402
570499,570502
570689,570692
570732,570735
571045,571048
571049,571054
571239,571243
571428,571431
571433,571585
571769,571772
571827,571830
572009,572012
572209,572214
572325,572328
572454,572458
572528,572534
572924,572927
573402,573405
573708,573711
573752,573755
574053,574056
574179,574183
574194,574197
574640,574644
574647,574650
574947,574950
575183,575186
575946,575949
576120,576123
576383,576386
576400,576404
576587,576591
576660,576663
576716,576719
576725,576728
577052,577055
577330,577333
577515,577518
577578,577581
577616,577619
577712,577715
577976,577979
578736,578739
579034,579037
579478,579481
579833,579836
579850,579856
579912,579915
580376,580379
580529,581337
580690,580964
581222,581226
581391,581394
582340,582343
582411,582414
582451,582454
583008,583011
583153,583156
583374,583377
583549,583552
583661,583664
583827,583830
583929,583932
584247,584250
584288,584291
584441,584444
584643,584646
585244,585247
585708,585711
585992,585995
586280,586284
586837,586840
586884,586887
587210,587214
587421,587424
587789,587792
587896,587899
588652,588655
589053,589056
589325,589328
589566,589569
589988,589991
590428,590693
590537,590541
590706,590709
590914,590917
591042,591047
591157,591161
591222,591225
591244,591247
591371,591374
591433,591437
591531,591534
591558,591561
591729,591732
591800,591803
591917,591920
591951,591957
592048,592053
592083,592087
592871,592875
593503,593507
594347,594350
594485,594488
595219,595330
595308,595311
595336,595339
595605,595612
595993,595996
596152,596156
596356,596361
596427,596430
596768,596771
596775,596780
596888,596891
596900,596904
597023,597026
597333,597336
597353,597356
597364,597367
597373,597376
597466,597469
597648,597652
597911,597914
597940,597943
598076,598079
598194,598197
598330,598333
598338,598341
598385,598390
598477,598480
598680,598683
598761,598764
598784,598787
598891,599359
599168,599503
599269,599311
599519,599523
599759,599762
599956,599959
600357,600364
600386,600393
600519,600522
600672,600797
600723,600727
600879,600882
601122,601125
601515,601519
601660,601663
601676,601679
602426,602429
602435,602438
602695,602699
602829,602834
602913,602916
602940,602944
603264,603267
603608,603613
603761,603765
604249,604252
604319,604322
604554,604557
604740,604743
604947,604950
605298,605301
605440,605443
605732,605735
605813,605817
605848,605851
606067,606070
606272,606275
606578,606581
606629,606633
606693,606696
606979,606982
607155,607158
607296,607300
607640,607643
607844,607848
607969,607972
608044,608047
608152,608155
608158,608161
608250,608255
608678,608681
608777,608780
608916,608920
608942,608945
609130,609134
609194,609197
609429,609432
609589,609592
609630,609633
609919,609923
610361,610364
610832,610835
610878,610883
611360,611364
611860,611863
612072,612075
612171,612175
612212,612217
612293,612296
612362,612365
612398,612402
612882,612886
613129,613133
613195,613198
613481,613484
613496,613553
613900,613903
614220,614224
614413,614416
614636,614641
614694,614697
614709,614712
614854,614858
614864,614867
615269,615272
615552,615555
615709,615712
615712,615715
615945,615949
615961,615964
615995,615999
616030,616034
616173,616176
616427,616430
616449,616452
616534,616537
616586,616589
616762,616765
616842,616845
617018,617021
617491,617495
617615,618054
617750,617753
617880,617883
618296,618299
618780,618784
618854,618860
618875,618878
619220,619223
619375,619378
619637,619640
619641,619644
619895,619898
619957,619960
620399,620402
620512,620515
620543,620548
620579,620582
620720,620723
620972,620975
621114,621117
621404,621407
621451,621454
621513,621517
621700,621704
621848,621852
622029,622032
622378,622381
622723,622726
622941,622944
622953,622956
623243,623248
623354,623357
623357,623360
623373,623377
623394,623397
623601,623604
623741,623744
623853,623856
623925,623930
624153,624156
624359,624362
624548,624551
624647,624651
624950,624953
625016,625020
625070,625073
625389,625392
625559,625562
625597,625600
625905,625908
626099,626102
626451,627268
627486,627491
627617,627623
627692,627695
627966,628654
628345,628348
628498,628501
629218,629221
629243,629246
629445,629448
629982,629985
630066,630069
630236,630239
630360,630363
630605,630609
630610,630613
630655,630661
630816,630819
630860,630863
630909,630912
630918,630921
631036,631039
631100,631103
631141,631145
631222,631225
631450,631453
631466,631470
631527,631531
631535,631538
631600,631603
631627,631631
631678,631682
631785,631789
631794,631797
631917,631920
632052,632646
632155,632159
632613,632616
632949,632952
633603,633606
633826,633829
633929,633933
634016,634019
634244,634247
634813,634816
635033,635036
635208,635212
635265,635268
635326,635329
636630,636633
636826,636829
636919,636922
636939,636942
637045,637049
637288,637985
637449,637452
637499,637502
638065,638068
638125,638128
638164,638167
638194,638199
638430,638434
638487,638834
638549,638552
639653,639656
639851,640225
640044,640048
640065,640068
640068,640071
640990,640993
641078,641081
641153,641156
641271,641274
641687,641690
641759,641763
642110,642431
642198,642201
642429,642432
642712,642715
643290,643293
643523,643526
643878,643881
643943,643947
644237,644242
644270,644273
644368,644371
644381,644384
644431,644434
644636,644640
644685,644689
644826,644830
644852,644855
645025,645030
645109,645112
645205,645208
645550,645553
645598,645601
645740,645744
645838,645841
645851,645854
645951,645954
646090,646094
646591,646594
646627,646631
646956,646959
647417,647421
647718,647722
647991,647994
648084,648089
648342,648345
648484,648487
649009,649013
649064,649067
649529,649533
649668,649671
650078,650082
650212,650215
650472,650476
650704,651141
650825,650828
650936,650939
650975,650978
651020,651023
651111,651114
651250,652138
651430,651434
651720,651723
651771,651774
651816,651819
651843,651846
651862,651865
651989,651992
652024,652027
652373,652376
652453,652456
652555,652559
652639,652642
653232,653235
653244,653247
653334,653337
653381,653384
653805,653809
653862,653867
653953,653956
654090,654093
654536,654539
654729,654732
654847,654850
654911,654916
654953,654956
655310,655313
655428,655431
655450,655454
655592,655595
655974,655977
656022,656684
656087,656090
656172,656175
656623,656626
656648,656651
656656,656659
656801,656804
656938,656942
657043,657046
657699,657702
658400,658404
658436,658439
658520,658523
658560,658564
658592,658595
658656,658659
658809,658812
658900,658903
659009,659012
659016,659021
659171,659174
659207,659421
659217,659220
659339,659342
659470,659473
659971,659974
660434,660437
660698,660701
660789,660792
661195,661200
662084,662087
662196,662199
662503,662506
663007,663010
663253,663257
663485,663488
663698,663701
663707,663710
663889,663892
664128,664131
664150,664153
664279,664282
664337,664341
664510,664513
664727,664731
664879,664882
665052,665056
665440,665445
665673,665678
665940,665944
665950,665955
666269,666273
666317,666320
666591,666594
666768,666771
667026,667029
667185,667188
667228,667231
667242,667245
667303,667306
667310,667313
667499,667502
667531,667537
667693,667696
667825,667828
668305,668308
668423,668427
668601,668604
668892,668895
668993,668996
669008,669011
669066,669069
669121,669126
669237,669240
669697,669700
669829,669832
669836,669839
670475,670478
670631,670638
670652,670655
670875,670878
671187,671524
671319,671322
671705,671709
672460,672463
672778,672781
673317,673321
673351,673354
673475,673478
673545,673550
673745,673748
674199,674202
674258,674261
674322,674325
674425,674428
674732,674736
674740,674743
675252,675255
675355,675359
675644,675647
675652,675656
675794,675797
675988,675991
676110,676113
676242,676245
676358,676361
676440,676443
676657,676660
676704,676707
676707,676710
677000,677003
677082,677085
677099,677102
677199,677202
677222,677226
677385,677389
677403,677406
677444,677447
677626,677631
677770,677773
678093,678096
678373,678377
679123,679277
679179,679182
679653,680068
679678,679681
679713,679717
680004,680007
680023,680026
680192,680195
680388,680391
680521,680524
680804,680808
680892,680895
680989,680992
681036,681039
681118,681121
681256,681259
681562,681565
681593,681596
681596,681599
681616,681620
681710,681713
681810,681813
681865,681869
682065,682068
682238,682241
682324,682327
682360,682363
682474,682826
682598,682601
682680,682743
682853,683159
682991,683267
683002,683267
683343,683346
683553,683556
683556,683559
683667,683670
684035,684367
684254,684257
684517,684520
684525,684528
684731,684734
685171,685174
685664,685668
685710,685713
685810,685813
686337,686340
686340,686343
687364,687367
687502,687505
687611,687614
687869,687872
688230,688234
688467,688470
688639,688930
688690,688693
688792,688797
688857,688861
688960,688963
688995,688998
689054,689061
689311,689315
689366,689370
689398,689401
689406,689410
689808,690196
690191,690194
690274,690278
690513,690516
690572,690575
690593,690596
690693,690696
690950,690954
691142,691149
691536,691540
691549,691552
691669,691672
691783,691786
691873,691876
691918,691921
691947,691950
692773,692776
692827,692834
692843,692846
693838,693950
693932,693935
693957,693960
694004,694007
694112,694115
694236,694240
694279,694397
694341,694344
695234,695239
695242,695245
695333,695336
695857,695860
696159,696163
696532,696535
696656,696659
696811,696814
696817,696820
696889,696893
696898,696901
697057,697060
697192,697195
697368,697373
697377,697381
697793,697796
697812,697819
697990,697993
698015,698018
698124,698128
698218,698221
698336,698391
698395,698398
698507,698510
698526,698529
698573,698576
698583,698587
698629,698632
698691,698696
698758,698762
698877,698880
699086,699089
699094,699097
699258,699261
699312,699315
699354,699357
699369,699372
699580,699583
700421,700424
700508,700511
700566,700569
700576,700579
700723,700727
701169,701172
701233,701628
701758,701761
701902,701907
701928,701931
702007,702301
702344,702347
702371,702374
702931,703173
702967,702970
703248,703251
703382,703385
703392,703396
703431,703434
703801,703804
703868,703871
704237,704242
704388,704391
704479,704482
704489,704492
704666,704669
704721,704806
704781,704784
704806,704809
704857,704860
705028,705031
705209,705212
705828,705834
705865,706448
705932,705935
706558,706561
706788,706791
706815,706818
707012,707015
707292,707299
707409,707412
707463,707467
707942,707945
707984,707987
708194,708197
708240,708243
708332,708335
708506,708509
708553,708556
708800,708805
708825,708829
709331,709336
709411,709414
709777,709780
709796,709801
709839,709842
709878,709881
710042,710045
710049,710052
710328,710332
710414,710417
710577,710580
710638,710643
710987,710990
711040,711043
711088,711091
711570,711573
711752,711756
712084,712087
712119,712122
712197,712200
712709,712712
712724,712727
712980,712984
713336,713339
713469,713473
713548,713898
713991,713994
714139,714142
714353,714356
714473,714476
714607,714784
714987,714990
715020,715023
715025,715028
715042,715045
715430,715433
715688,715692
715770,716462
716053,716056
716133,716136
716225,716228
716744,716747
717189,717193
717365,717368
717529,717532
717858,717861
717936,717940
718112,718115
718668,718671
719053,719056
719316,719319
719497,719500
719560,719563
719587,719590
719632,719635
719868,719871
719873,719877
720459,720462
720869,720872
721423,721426
721522,721526
721837,721841
721961,721964
721976,721979
722024,722219
722432,722435
722696,722699
722933,722936
723210,723213
723219,723222
723264,723267
723296,723299
723450,723455
723721,724403
723996,724428
724216,724220
724266,724269
724285,724288
724605,724610
724628,724631
724797,724800
725129,725132
725286,725289
725460,725464
725469,725473
725550,725556
725657,725660
725707,725710
725952,725955
725977,725980
726238,726241
726241,726244
726256,726261
726380,726383
726673,726676
727251,727256
727270,727273
727376,727380
727457,727460
727695,727698
728630,729328
728816,728819
728971,728974
729164,729167
729309,729312
729331,729334
729738,729742
730073,730076
730204,730208
730357,730496
730580,730583
730852,730855
730914,730917
731251,731256
731450,731453
731521,731526
731858,731861
732029,732032
732046,732050
732065,732068
732337,732340
732677,732680
732869,732872
733249,733252
733532,733535
733573,733577
733741,733745
734194,734323
734250,734253
734284,734287
734504,734507
734551,734554
734839,734842
735190,735193
735453,735575
735454,735457
736135,736464
736239,736243
736490,736493
736596,736599
736788,736791
736791,736794
736830,736833
737150,737153
737516,737519
737582,738068
737997,738000
738153,738158
738162,738167
738178,738181
738230,738233
738260,738263
738319,738323
738465,738469
738697,738704
738749,738752
738789,738793
738798,738803
739307,739310
739448,739452
739689,739692
739849,739852
740231,740236
740299,740922
740547,740551
740717,740720
740801,740804
740832,740835
740940,740943
741558,741562
741583,741586
741785,741788
742392,742395
742479,742482
742737,742740
742999,743002
743067,743071
743763,743767
743889,743892
744142,744145
744271,744274
744538,744541
744650,744654
744736,744740
744843,744846
745298,745302
745615,745618
746264,746268
746349,746352
746528,746532
746834,746838
746958,746961
747042,747047
747078,747082
747238,747241
747368,747372
747456,747460
747621,747624
747636,747640
747859,747863
748389,748392
748938,748941
749013,749016
749079,749082
749100,749103
749272,749275
749585,749588
749687,749690
749697,749700
750485,750488
750774,750778
751497,751501
751644,751647
751718,751722
751738,751741
751961,751964
751991,751994
752012,752016
752110,752113
752334,752337
752534,752537
752610,752613
752731,752736
752790,752793
753015,753018
753079,753082
753102,753105
753320,753323
753445,753448
753564,753567
753599,753602
753605,753608
753709,754625
754006,754009
754479,754483
754679,754682
754706,754709
754733,754739
754900,754903
755205,755208
755407,755410
755429,755432
755533,755536
755834,755838
755947,755952
756006,756009
756283,756286
756498,756501
756523,756527
756705,756708
756959,756963
756998,757001
757110,757114
757178,757182
757195,757199
757370,757373
757526,757529
757551,757554
757554,757557
757703,757707
757950,758090
757974,757977
758104,758108
758364,758367
758626,758630
758750,758783
758770,758776
758921,758927
758968,758971
759021,759024
759090,759093
759580,759584
759728,759731
759770,759774
760193,760196
760410,760413
760482,760485
760562,760565
760725,760729
760951,760954
761025,761028
761049,761052
761457,761461
761514,761517
761529,761532
762482,762485
762568,762768
762589,762592
762669,762672
762852,762855
763068,763071
763127,763130
763175,763526
763208,763212
763217,763221
763249,763254
763423,763426
763482,763485
763493,763496
763504,763507
763557,763560
763794,763797
764229,764232
764445,764448
764476,764479
764522,764525
764680,764683
764939,764942
764960,764963
765001,765004
765017,765020
765066,765069
765405,765409
765490,765493
765871,765874
766420,766423
766738,766742
766852,766855
767166,767169
767600,767603
767719,767722
768332,768335
768473,768477
768845,768848
768991,768995
769007,769010
769044,769047
769437,769442
769514,769517
769553,769556
769881,769884
769922,769925
770186,770189
770725,770729
770933,770939
771400,771405
771724,771727
771878,771881
772048,772051
772288,772291
772334,772337
772932,772935
772941,773038
773026,773029
773209,773212
773433,773787
773547,773550
773771,773774
773800,773803
773854,773857
773931,773934
774026,774029
774110,774113
774406,774409
774510,774513
774537,774540
774870,774873
774956,774960
775014,775017
775169,775173
775307,775310
775550,775553
775604,775607
775647,775652
775683,775686
775805,775811
775909,775912
775971,776600
776376,776379
776506,776509
776591,776594
776851,776854
776874,776877
776897,776902
777162,777165
777359,777362
777833,777837
778776,778779
778876,778879
778893,778897
779042,779045
779318,779321
779637,779640
779904,779908
779928,779931
780267,780270
780304,780308
780588,780591
780747,780750
780896,780969
780923,780926
781079,781082
781184,781187
781415,781418
781473,781476
781625,781628
781647,781650
781712,781715
781722,781725
782471,782474
782612,782616
782812,782816
782950,782954
783034,783037
783101,783104
783127,783130
783241,783244
783996,783999
784048,784052
784066,784069
784600,784704
784623,784626
785151,785154
785162,785165
785199,785203
785639,785642
785720,785723
785948,786265
786025,786028
786124,786128
786352,786355
786622,786626
786641,786644
786754,786757
786829,786835
786930,786933
787249,787252
787481,787484
787491,787494
788062,788065
788136,788139
788187,788190
788247,788250
788724,788727
789203,789206
789285,789289
789342,789346
789394,789397
789469,789472
789486,789489
789841,789847
789911,789914
789957,790221
790187,790190
790249,790252
790574,790578
791023,791026
791114,791117
791533,791537
791731,791734
792270,792273
792568,792573
792587,792592
792626,792629
792701,792704
792833,792837
792892,792895
793016,793019
793024,793028
793455,793458
793754,793757
793824,793827
794127,794131
794254,794257
794378,794381
794735,794738
794910,794913
795005,795010
795167,795173
795357,795360
795716,795719
795738,795866
795743,795746
795788,795791
796010,796013
796087,796090
796174,796177
796213,796217
796287,796290
796314,796317
796932,796935
796935,796938
797077,797081
797180,797183
797224,797227
797237,797240
797464,797467
797828,797831
797851,797855
798445,798448
798868,798871
798871,798874
799133,799136
799363,799369
799610,799613
799762,799765
799894,799897
799972,799976
799977,799980
800081,800085
800279,800282
800351,800355
800401,800405
800448,800765
800494,800498
800562,800565
800627,800633
800942,800946
801090,801094
801126,801130
801479,801482
801684,801688
801729,801732
801823,801827
801832,801835
801907,801910
801992,801995
802177,802180
802189,802193
802200,802203
802274,802277
802368,802372
802661,802665
802739,802743
802753,802756
802790,802794
802835,802838
802860,802863
803565,803568
803927,803930
804552,804555
804771,804774
804798,804801
804890,804893
805035,805038
805186,805189
805357,805360
805504,805507
805577,805580
805980,805984
806006,806009
806105,806108
806606,806610
806894,806897
806956,806959
807156,807159
807630,807633
807639,807642
807794,807797
807846,807849
808163,808166
808276,808279
808304,808519
808587,808590
808665,808668
808786,808789
809011,809014
809434,809438
809495,809498
809790,809793
809863,809866
809873,809876
809963,809966
809985,809990
810148,810151
810355,810358
810764,810767
811244,811248
811588,811591
811657,811661
811889,811892
811930,811933
811976,811981
812181,812184
812292,813055
812381,812384
812877,812880
812999,813002
813089,813092
813166,813169
813272,813275
813297,813300
813580,813584
813710,813713
813741,813744
814237,814240
814561,814565
814594,814598
814741,814744
814751,814754
814890,814894
815340,815343
815367,815371
815659,815662
815750,815753
816249,816252
816348,816352
816522,816525
816613,816616
816813,816816
816918,816922
817005,817008
817064,817068
817355,817358
817358,817361
817486,817489
817618,817621
817676,817679
817756,817759
817981,817986
818141,818144
818223,818226
818439,818442
818516,818519
818648,818651
818674,818677
818691,818694
818710,818715
818791,818794
819023,819026
819382,819385
819780,819783
820193,820196
820201,820294
820240,820244
820585,820588
821441,821444
821933,821936
821966,821969
822071,822074
822099,822102
822124,822127
822143,822146
822273,822276
822738,822741
822931,822934
822987,822990
822998,823001
823340,823343
823345,823349
823380,823383
823433,823436
823913,823916
823928,823931
824232,825275
824518,824522
824530,824533
824751,824754
825439,825442
825578,825581
825618,825621
825834,825837
826043,826046
826321,826325
826598,827052
827249,827252
827435,827664
827660,827663
827681,827684
827964,827967
828414,828417
828549,828553
828770,828773
829300,829304
829390,829394
829529,829532
829736,829740
829778,829781
830216,830219
830296,830299
830613,830616
830623,830627
830969,830972
830989,830992
831271,831274
831480,831483
831753,831756
832026,832029
832088,832093
832122,832125
832330,832333
832568,832571
832575,832578
832623,832626
832667,832670
832754,832757
832831,832834
832856,832860
832928,832932
833499,833502
833564,833567
833592,833595
833684,833687
833754,833757
833757,833760
833770,833773
833833,833836
833855,833858
833953,833956
833965,833969
834022,834025
834059,834062
834093,834097
834431,834435
834600,834603
835159,835162
835208,835223
835231,835234
835378,835381
835782,835785
836267,836270
836700,836703
836913,836916
837368,837372
837856,837859
838211,838214
838236,838239
838255,838258
838275,838279
838318,838321
838671,838674
838707,838710
839203,839206
839407,839410
839715,839719
840076,840079
840203,840206
840334,840337
840337,840340
840562,840565
841122,841125
841487,841490
841668,841672
841970,841973
842234,842237
842305,842308
842325,842330
842382,842385
842511,842514
842633,842636
842748,842752
842761,842764
842791,842794
843245,843249
843417,843420
843461,843464
843748,843751
843944,843947
844087,844091
844199,844202
844485,844488
844803,844806
844883,844886
845069,845072
845119,845122
845466,845469
845470,845473
845509,845512
845580,845583
845770,845773
845956,845961
846880,846883
847073,847077
847256,847259
847270,847273
847417,847420
847729,847734
847745,847748
847898,847902
847928,847933
848161,848164
848166,848169
848373,848376
848376,848379
848392,848395
848399,848402
848680,848683
848728,848731
848791,848794
848902,848906
849257,849260
849381,849385
849718,849721
849908,849911
850101,850105
850275,850279
850357,850362
850405,850408
850471,850475
850695,850698
851129,851132
851251,851254
851341,851345
851408,851412
851435,851438
851606,851610
851735,851738
852146,852149
852149,852152
852383,852386
852386,852389
852900,852904
853612,853615
853635,853750
853844,853848
853949,853952
853987,853992
854084,854087
854154,854713
854894,854898
854950,854953
854955,854958
855193,855196
855731,855734
855887,855891
855971,855974
856050,856054
856088,856093
856466,856470
856524,856530
856638,856642
856802,856805
856976,856979
857174,857177
857363,857366
857604,857607
857701,857704
858055,858059
858355,858358
858361,858365
858363,858973
858574,858577
858843,858846
859035,859038
859185,859520
859204,859207
859223,859227
859503,859506
859824,859913
859838,859841
859938,859941
860003,860006
860301,860304
861109,861112
861173,861176
861293,861296
861323,861327
861674,861679
861714,861718
862147,862151
862207,862211
862520,863116
862556,862559
862581,862584
863108,863111
863395,863398
863420,863424
863567,863572
864363,864366
864435,864438
864490,864495
864563,864567
864678,864681
864819,864823
864908,864912
864920,864925
865057,865063
865103,865106
865106,865109
865415,865419
865761,865764
865872,865875
865919,865924
866026,866030
866535,866539
866748,866751
866913,866916
867011,867014
867234,867237
867310,867313
867461,867464
867526,867529
867537,867541
867732,867735
867940,868035
867943,867946
868505,868508
868704,868708
868958,868961
869112,869116
869229,869232
869464,869467
869487,869490
869592,869595
870325,870328
870333,870336
870595,870836
870891,870894
870933,870936
871169,871173
871202,871205
871286,871289
871329,871332
871554,871557
871653,871657
871705,871710
871930,871934
871983,871989
872023,872026
872054,872059
872212,872215
872314,872317
873395,873398
873487,873491
873599,873602
873924,873927
874406,874409
874656,874659
874921,874924
875083,875086
875237,875241
875666,875669
875708,875711
875994,875997
876427,876430
876490,876493
877156,877159
877478,877481
878198,878201
878246,878249
878281,878285
878531,878535
878541,878948
878792,878898
878946,878949
879088,879091
879422,879425
879464,879467
879906,879909
879945,879948
880015,880018
880420,880550
880768,880771
880876,880879
880978,880982
881040,881043
881080,881382
881320,881324
881360,881363
881453,881456
881511,881515
881531,881534
881859,881862
881948,882346
881973,881976
882062,882065
882147,882150
882150,882153
882190,882427
882223,882226
882319,882324
882343,882347
882455,882458
882555,882558
882968,882971
883045,883048
883062,883065
883383,883388
883483,883486
883598,883602
883668,883671
883697,883700
883774,883777
883820,883823
883999,884004
884096,884100
884196,884199
884293,884296
884434,884438
884491,884495
884533,884536
884787,884790
884854,884857
885086,885090
885419,885423
885737,885740
885755,885758
885828,885832
885969,885973
886098,886101
886243,886246
886878,886881
887029,887059
887157,887307
887308,887721
887332,887335
887604,887607
887809,887812
887866,887869
887942,887946
888319,888322
888544,888550
888766,888769
888830,888834
888975,888978
889248,889252
889417,889420
889431,889434
889652,889655
889872,889875
890037,890040
890272,890947
890293,890296
890339,890343
890442,890446
890579,890582
890613,890616
890837,890840
890872,890875
891044,891047
891186,891189
891227,891230
891368,891661
891434,891660
891820,891825
891869,891872
892301,892304
892627,892634
892660,892664
892740,892744
892782,892785
892819,892822
892885,892888
893043,893046
893113,893116
893957,893961
894079,894082
894327,894330
894369,894372
894436,894440
894626,894629
894997,895004
895588,895591
895888,895892
896170,896175
896347,896350
896472,896476
896481,896485
896827,896831
897000,897003
897125,897128
897444,897447
897557,897560
897601,897604
897664,897668
897761,897764
899012,899015
899191,899194
899248,899251
899615,899618
900477,900480
900873,900876
900998,901001
901095,901098
901162,901203
901290,901293
901294,901298
902043,902046
902095,902238
902785,902788
902986,902989
903047,903050
903050,903082
903155,903158
903192,903195
903346,903349
903371,903374
903408,903411
903435,903438
903508,903511
903616,903619
903640,903643
904578,904581
905004,905007
905076,905079
905448,905451
905535,905538
905698,905702
907140,907143
907164,907168
907745,907750
907877,907880
908050,908054
908090,908093
908401,908404
908427,908431
908520,908523
908680,908683
908851,908854
908871,908874
908887,908890
909202,909205
909445,909488
909615,909618
909873,909876
909927,909931
910128,910131
910288,910291
910596,910599
910885,910888
910944,910947
911220,911224
911264,911267
911423,911427
911528,911531
911681,911684
911947,911950
912320,912323
912325,912328
912353,912356
912535,912540
912605,912608
912808,912812
912922,912925
913047,913051
913424,913428
913820,913823
914166,914780
914166,914169
914575,914578
914590,914594
914846,914849
914971,914974
915091,915094
915333,915336
915867,915870
915990,915993
916180,916302
916210,916213
916269,916272
916893,916896
917015,917018
917066,917069
917157,917160
917171,917174
917435,917438
917537,917540
918317,918321
918822,918825
918870,918874
918983,918986
919249,919252
919369,919372
919580,919583
919974,919977
919985,919988
919995,919998
920440,920443
920511,920515
920706,920709
920862,920865
920889,920892
921058,921062
921365,921368
921451,921454
921532,921535
922376,922512
922477,922480
922493,922496
922497,922500
922779,922784
922787,922791
923012,923016
923090,923093
923587,923591
924142,924145
924253,924256
924322,924325
924390,924393
924699,924702
924847,924851
924868,924871
925046,925050
925076,925079
925098,925130
925213,925216
925403,925409
925787,925790
925896,925900
926003,926006
926063,926184
926114,926117
926128,926131
926412,926415
926508,926511
926850,926853
927005,927008
927079,927082
927225,927228
927388,927391
927680,927683
927943,927946
928830,928833
928863,928866
928945,928948
928974,928977
928979,928983
928997,929000
929661,929664
929731,929737
929779,929783
929793,929796
929870,929873
929931,929934
930046,930051
930052,930056
930121,930125
930592,930595
930773,930778
930830,930833
931040,931043
931423,931426
932198,932201
932204,932207
932541,932544
932565,932569
932773,932776
932841,932844
933182,933185
933194,933198
933231,933234
933381,933384
934270,934273
934377,935053
934404,934407
934501,934505
934531,934535
934777,934780
934802,934805
934861,934865
935201,935245
935202,935205
935231,935235
935333,935336
935645,935649
935774,935777
935791,935794
935870,935873
936174,936177
936291,936294
936333,936336
936822,936829
936872,936875
936876,936879
937091,937094
937145,937149
937175,937178
937533,937536
937716,937719
938257,938260
938307,938310
938564,938567
938617,938620
938716,939121
938794,938797
938811,938814
939112,939115
939310,939314
939360,939363
939405,939409
939446,939450
939455,939458
939468,939471
939697,939700
939850,939853
939858,939861
940036,940039
940085,940089
940295,940298
940299,940302
940391,940394
940461,940465
940747,940750
940831,940834
940926,940929
941180,941183
941193,941196
941449,941452
941540,941545
941774,941777
941864,941951
941957,941961
941973,941976
942156,942160
942204,942207
942350,942353
942479,942482
942641,942644
942753,942756
943399,943402
943665,943668
944003,944006
944237,944241
944514,944519
944655,944658
944658,944661
944823,944826
945053,945056
945277,945280
945302,945307
945348,945351
945734,945737
945749,945752
945894,945897
945941,945944
946105,946109
946300,946483
946304,946309
946417,946422
946626,946629
946678,946683
946864,946867
946870,946873
947047,947050
947068,947071
947103,947106
947118,947121
947345,947349
947397,947400
947402,947405
947551,947556
947772,947775
948132,948135
948303,948306
948380,948383
948750,948857
948767,948770
948788,948791
949025,949030
949036,949039
949184,949187
949206,949209
949284,949287
949432,949774
949442,949445
949471,949474
949586,949590
949630,949633
949653,949657
949930,949933
950042,950045
950202,950205
950661,950664
950898,950901
951231,951235
951390,951397
951526,951530
951553,951556
951692,951697
951788,951952
951934,951937
952000,952356
952277,952281
952865,952868
952906,953339
952938,952941
953150,953153
953791,953794
954582,954585
954616,954619
954644,954647
954733,954736
954929,954932
955420,955424
955726,955730
955822,955826
955833,955836
956103,956106
956478,956481
956603,956606
956642,956646
956779,956782
956955,957178
957113,957116
957207,957210
957380,957383
957756,957760
957835,957838
958117,958120
958955,958958
959528,959532
959562,959565
959570,959573
959576,959579
959792,959795
959822,959889
960360,960363
960452,960456
960549,960552
960648,960651
961194,961197
961292,961295
961313,961317
961371,961375
961496,961499
961857,962267
961953,961957
962476,962480
962488,962493
962568,962571
962769,962772
963137,963140
963218,963224
963357,963361
963587,963591
963833,963836
964086,964089
964463,964466
964466,964469
964703,964706
964858,964861
964884,964887
964969,964972
965124,965128
965168,965171
965217,965221
965251,965255
965265,965268
965365,965368
965394,965398
965434,965437
965695,965698
965797,965800
965889,965892
966136,966141
966875,966878
966995,966998
967058,967061
967069,967073
967083,967086
967098,967101
967436,967439
967751,967757
967977,967980
968040,968045
968227,968230
968230,968233
968237,968240
968269,968272
968290,968293
968372,968375
968862,968865
968984,968991
969417,969420
969441,969445
969639,969642
969732,969735
970028,970031
970046,970050
970054,970057
970459,970462
970565,970568
970826,970829
971176,971181
971246,971249
971383,971386
971420,971423
971456,971459
971949,971952
972362,972365
972394,972398
972430,972433
972613,972616
972706,972709
972788,972791
973081,973084
973099,973103
973187,973191
973617,973621
973716,973719
973815,973818
974189,974193
974408,974415
974433,974436
974467,974470
974589,974592
974687,974691
974800,974803
974839,974843
974953,974957
975044,975047
975310,975313
975313,975319
975363,975366
975485,975488
975528,975531
975679,975682
975742,975745
975970,975977
975999,976002
976121,976125
976323,976326
976457,976461
976594,976597
977054,977057
977230,977234
977302,977305
978135,978138
978306,978309
978767,978770
978807,978810
978897,978900
978904,978908
979018,979021
979273,979276
979494,979497
979857,979860
979868,979871
979935,979939
980815,980819
981336,981339
981802,981805
981928,981931
981964,981967
981977,981980
982223,982227
982460,982463
982519,982524
982578,982581
982718,982721
982798,982801
982959,982962
982983,982987
983714,983717
983792,983795
984201,984204
984811,984814
984940,984944
985059,985113
985183,985186
985389,985393
985753,985757
985900,985903
985925,985928
985973,985976
986310,986314
986543,986546
986634,986637
986839,986842
986954,987161
987016,987019
987352,987356
987451,987454
987504,987507
987564,987567
987617,987620
987970,987973
988076,988079
988098,988101
988397,988400
988688,988692
988743,989023
988907,988910
988940,988944
989060,989063
989157,989160
989573,989576
989777,989782
989849,989952
989988,989992
990076,990081
990099,990143
991302,991305
991376,991379
992085,992089
992140,992144
992337,992340
992540,992544
993174,993177
993178,993181
993307,993310
993434,993437
993528,993533
994297,994301
994390,994394
994521,994525
994857,994860
994915,994918
994944,994947
995006,995009
995042,995046
995269,995272
995493,995496
995590,995594
995618,995866
995749,995753
996104,996107
996196,996199
996411,996414
996450,996791
996485,996488
996503,996507
996566,996570
996664,996667
997415,997418
997435,997438
998274,998277
998379,998382
998432,998640
998438,998441
998612,998615
998740,998743
998888,998891
999174,999177
999686,999689
999984,999987
