55698
41952
37868
44739
57427
47345
36002
46863
36787
47785
46693
47876
49759
48078
48885
38675
45461
45247
52669
45324
41118
41045
47579
48019
43042
45724
45584
57207
41302
41292
45284
43692
51250
46991
43183
45592
47110
38195
53487
42285
50201
42439
46824
49089
52259
37510
50301
37834
43210
47149
45991
46698
48418
35795
44975
44779
40587
45450
39265
43295
44229
50251
35277
43464
45096
41632
54144
48032
52357
51806
46825
43681
52187
45752
42079
44868
48995
39259
49099
48402
45938
51526
46113
43557
43448
52274
47747
50235
50744
46243
44700
45932
50873
48636
46982
57996
42301
49628
38795
43796
43356
53245
52216
53080
48419
51250
43809
42120
53869
49889
42031
56519
47073
40813
51124
45955
43403
44596
40265
43799
42950
49603
42728
54573
41310
49226
54064
48187
46636
39036
43305
47418
53964
45035
47650
45417
38535
40884
45266
45957
49927
47818
51394
47582
52782
47966
44850
43186
50746
42275
47914
40333
49575
56690
40501
46293
47356
40694
46409
40902
47868
47459
42197
43507
52707
47438
48005
50992
54146
48994
36193
46208
44778
45157
49605
40294
47623
46528
50500
50919
59234
45896
44690
51709
46318
47229
51387
48543
54216
48610
45581
50043
44702
42155
49781
49691
43665
53041
37544
50655
45151
41545
46326
43155
44435
42714
54090
48694
40864
46473
49986
44599
45665
48181
40903
49432
38878
38345
46408
49343
51652
42911
44859
41254
51132
52175
54118
48864
51115
45868
43381
42419
45913
50084
46374
47639
45918
54843
45260
44358
42728
44868
39766
43426
45390
52665
47549
44079
50717
48890
40769
49681
46421
56411
49063
37911
47345
43459
42167
50812
42318
47612
42641
42261
44529
38846
47510
45352
50697
42854
46861
51682
58640
43339
47116
44363
42460
51620
47387
42167
39258
44228
47746
43591
46482
53873
50118
40817
43024
49302
51706
44926
47612
46532
47615
47457
43239
39454
45304
42798
45693
40266
45349
39853
46855
43850
51666
53995
50003
54875
48100
45422
41515
49423
48170
58668
41354
42507
46506
49219
55284
52967
60963
52889
49921
45951
49499
45247
47987
51995
46447
45743
41960
56624
42947
42180
47798
48751
48219
54801
48632
48337
47398
48638
47793
46142
42543
51988
55565
49859
49916
41764
47357
56437
58058
56357
46001
58876
50489
45397
47123
43568
56619
46739
48334
49650
46614
35682
50173
44392
44468
50958
51919
38467
53458
52833
47641
38451
46198
45622
44121
39530
47737
45017
46878
37938
49367
47346
40978
45485
48196
49175
45764
36749
50143
53137
45972
48118
41902
53631
42357
46166
55341
44490
50621
48531
40322
51308
42820
49791
38941
44384
45540
47696
45319
43280
46341
49596
49402
39592
41186
41637
49687
54343
50018
45201
50289
50745
53024
46945
43616
46385
46287
41810
46965
54079
46936
50931
42398
43429
43127
45657
46569
42659
57770
46822
45752
52119
47288
37680
51171
42084
49205
46509
47734
48981
39388
47013
42561
43002
47883
40747
43261
45317
48882
37199
45179
49032
42283
45212
39296
46656
48940
45255
47961
50254
51055
46924
47938
49866
47199
49315
56238
52470
44680
55238
47546
53578
50993
48815
45835
42530
53318
48939
48165
43162
52503
48994
42988
44203
44921
47560
43839
46300
49625
50330
42356
53883
46531
52909
55334
43947
51923
45877
32122
47834
44607
49495
42967
35568
51107
49135
43988
40361
40456
50110
46243
45636
52036
43879
52668
46709
50609
44138
44695
44233
47172
42546
48515
47901
51641
43076
55330
46847
48081
52407
52051
49813
44504
45103
43183
50050
53053
41715
47040
42301
53927
38691
47919
45549
50088
54996
50667
41757
41168
48952
37030
46192
44851
44543
46092
46719
39130
45474
47812
41126
48193
48048
47947
49680
48351
45505
45042
48417
48105
48945
50499
47178
41798
43956
42103
46665
48267
49193
50893
48401
42355
51113
47297
53377
44834
54835
47887
41770
45377
49763
52152
48175
47735
45374
50779
43168
42874
44263
53376
46296
41750
49648
40773
50856
40148
45761
42882
44932
46125
41173
50875
40312
46286
47478
45349
39353
45341
49571
38894
50786
46930
51348
54316
43356
43981
42252
39782
51710
44282
55171
44699
42459
48411
43520
40919
50591
52029
49369
45858
46675
50568
52581
47231
46177
44402
37960
49963
46538
50832
50908
46109
44755
44276
46205
45679
52602
47586
53029
44440
45947
50930
45915
48978
48606
49585
48297
42610
47652
44651
52530
40266
42237
42477
52916
49673
51368
50291
40406
40187
48706
50794
52684
51293
40635
48401
34858
47850
41769
45722
45825
45991
44012
47349
45354
45829
41824
42786
51978
46899
37624
47154
38861
43753
50658
47865
38625
46334
54311
38578
50025
43592
48684
51753
44828
45506
46223
48762
43489
45911
43472
38558
54154
48771
36246
51327
48184
46301
47505
51728
48357
56926
48384
41798
49627
49554
50081
52000
49051
48859
43753
43878
53422
40034
55932
48067
50257
53728
45636
40175
37455
44521
46970
52883
43934
38299
45515
45502
49299
43649
44277
47296
43029
46888
48980
39304
48995
43243
42832
51491
39455
53473
41458
43100
54565
49771
42431
48926
43446
36134
48616
53722
40583
50124
45566
46656
48863
40919
40443
43104
38357
45938
53111
44364
48886
39608
43952
42117
44660
44025
54186
39399
42843
43691
52575
42647
35351
50892
36728
49153
38452
45092
41410
46014
39520
48847
50698
46492
52534
35059
39260
48017
53796
48247
39224
39798
45607
45777
45460
46703
49436
42320
39625
44537
48589
42297
50989
45783
42218
46000
40699
47068
46747
46629
48087
40077
48531
45076
45721
50034
41102
44750
48102
44415
45757
44407
53786
43917
46015
52011
53034
57710
44167
48047
49105
51280
47148
53450
49771
40703
50495
51382
42351
45357
52296
42480
45735
45052
52599
46981
54309
42702
51053
48918
42848
54078
41425
38904
50277
52591
41986
39157
49043
39231
42917
48175
51696
45945
41542
47097
48780
45386
40473
49155
48230
48884
41818
49967
46720
44993
57141
43703
44314
51115
45859
48042
49001
43402
45051
54994
46721
49721
40255
51786
50919
39101
46600
47265
36934
44342
46347
50719
52369
40527
45702
44579
42586
46898
47970
50390
40288
38939
45387
50240
45939
44755
41596
45933
46449
45904
43796
48665
33967
46702
40802
50191
39066
39510
45409
43884
45868
41815
41356
39707
45745
44886
43632
46522
48854
49016
43657
51176
48228
47298
50057
46803
47307
46008
52801
45892
41467
50177
53512
44025
42752
38803
45095
43967
46737
47002
44326
55315
41136
52101
41711
51351
49776
51124
41302
50842
48807
45370
44032
52357
29695
47651
54880
42593
50431
57863
45722
47741
42030
50947
40541
54810
51189
45363
50286
44657
43568
47909
47268
52908
53765
43064
47810
53777
37965
42478
47213
45101
43694
50940
47421
52367
47191
49985
46917
40176
39727
47889
50522
47314
43278
47563
49616
46800
50858
50709
47837
47998
58320
43241
46677
55524
46079
43573
48060
43599
45490
41771
52581
46235
49588
45741
47519
47973
42888
49309
38549
42962
54226
50950
54459
48211
43551
52825
50292
36769
47996
46519
50090
39260
48721
51631
46446
51058
41438
50163
49866
41197
43856
51650
47409
45816
31232
35698
51567
34327
48110
45196
51641
44750
49741
42921
46168
44759
44370
45910
47128
47636
45970
43342
46581
44019
45052
54777
42506
41030
44741
45495
51238
59462
45053
50505
48695
53491
46441
46860
45460
47303
41813
45319
49541
46077
48684
47486
44002
38755
50952
49420
44105
44463
46159
40533
53592
46759
49559
44500
44871
52561
45342
47209
44261
45024
44771
44184
46010
46142
48419
58304
45748
44561
39989
50868
49817
38308
40209
54457
47192
50422
45358
50346
43988
51801
44956
49357
40368
37422
51338
45088
46489
46754
51724
53312
48207
39784
36234
42652
43812
49222
45806
40248
47567
48475
48908
53872
45877
52826
47532
49583
45451
47877
51094
50485
48808
46583
49676
52766
60163
40900
44370
44594
48997
46659
46845
50033
38685
46732
48397
38164
42848
54074
40063
45576
44023
52051
47813
49549
46117
46520
54083
52714
50712
44599
48615
43988
39567
44233
50706
46775
43481
45297
54066
40759
53220
50431
47860
39056
49541
49031
47043
39765
46883
42096
50632
46123
45456
55689
47291
43714
44643
43837
41704
50535
52077
41844
44241
42795
50746
48687
44564
47836
50962
54273
43629
52514
47994
55786
47348
49809
46848
45156
52790
42611
39194
46368
53003
52239
46118
43300
53089
46289
57622
49084
43071
41919
39090
46230
49304
42100
48175
48444
40191
44845
40232
44638
45070
41411
35650
46110
46941
45387
40124
41419
53028
47913
51441
49959
50337
45773
47204
50616
37301
42804
49362
46152
47597
51139
46058
45344
41587
41611
50403
54071
40595
44436
46117
39068
50486
43234
45936
47334
43220
33778
50767
43170
45793
50877
41601
48197
35188
47074
53245
48825
49064
48703
47572
52813
49663
44061
53277
51316
55084
41938
44246
47715
49972
42938
42512
41590
43871
40127
42594
42165
43398
48155
47634
49110
44140
46470
52809
51507
41046
45934
43577
48943
41927
33360
42728
45811
50623
50601
39596
45754
46256
39763
37456
51891
42839
54225
52427
43144
35829
50233
40857
54064
44768
45836
44034
46954
45926
43791
50879
47113
41348
47261
41981
42923
55024
44413
45610
41604
47367
46186
49604
46220
40923
41572
45761
43317
45174
45140
46449
46141
53100
48369
43566
42777
46061
44791
47038
47667
39277
41622
47210
42752
47312
41836
51797
48513
51938
49053
45396
53922
50479
50421
44943
43978
46817
45969
46625
50819
47177
47980
41489
44738
48811
47475
51853
52622
43442
42570
49411
52952
46693
47253
47884
51162
43977
48992
47796
44288
49452
39306
40610
53831
41134
55675
49699
45650
52387
50648
48470
48390
41559
46720
43692
45237
47218
52823
44835
43275
45793
54900
43009
49069
40067
50272
44523
49880
50356
49394
47753
45957
47493
44699
43492
46768
45087
42048
40488
50958
45791
48069
48236
45966
42236
49150
34823
51124
48179
39653
55481
51887
51492
40383
42799
50103
40692
45942
38610
51662
40769
43287
50321
42296
48235
36486
43179
46170
49409
52681
41006
43960
41489
37739
44608
52458
44004
45826
51387
54123
55982
36678
43203
42954
44275
46896
43858
53860
48265
55728
43115
42147
41901
39752
47864
46650
50877
53550
46812
51492
54518
46517
48781
48960
51774
45189
48232
37628
48214
48040
49415
52511
46926
48475
49441
54301
50813
45555
52329
41907
46744
40264
50770
49401
36765
43726
50475
49843
46985
49785
46301
42313
35269
46641
36337
47745
45921
53694
45658
42237
48557
34049
47148
42963
49572
46475
45614
54281
43999
53625
51805
47998
46669
50017
41319
54916
54568
48311
57285
45717
51351
43100
49818
41346
42099
50089
44618
47849
56086
46652
44860
45668
47799
50417
39521
50519
43579
39224
47648
45947
45255
43236
40208
40953
48247
43771
40571
45493
46663
45116
45470
45663
39386
42412
52165
44605
46515
44357
51595
41642
48693
49501
39349
44920
45320
44082
46166
49561
36640
41127
44921
42893
54265
50059
42738
43558
48908
55605
53429
42619
52162
50787
52717
43709
41338
43555
35296
45402
38599
44106
44589
45078
41100
44747
42959
50083
45240
45216
43300
47624
41533
53381
51584
42670
44886
38672
47886
48755
42433
49449
38854
44067
49533
47071
49193
38616
49623
49900
50512
39968
32818
47291
50489
44764
50043
47822
42832
45719
41562
41172
54735
47559
38198
43683
44403
49022
41251
38387
43400
54416
44672
49932
39887
41252
50253
51848
45701
54864
43091
42028
43889
49682
43812
44501
38295
45056
50714
38207
47140
43382
48144
46189
46083
39209
35789
46657
42070
49756
48814
44964
50329
42260
49723
41927
43386
46074
43488
52991
42428
42464
43635
46308
46182
49265
48136
41030
43883
51185
44664
39854
47049
43068
41657
38854
39696
44909
49444
49497
34775
52751
48423
53153
54150
55654
50951
50010
40919
48255
43840
46716
48009
52576
55288
53181
49551
44705
61617
48349
48985
49084
54885
46836
46909
43187
46800
48252
36743
45366
41754
53126
46678
54244
45121
53124
47623
42780
49451
42367
47819
48670
36812
38845
44343
48969
44480
48882
46074
52201
43555
54967
50253
47595
44013
50722
45662
44903
48583
39174
49419
48700
46857
47312
44516
48318
37100
42665
47965
53205
46142
45200
53015
49399
46104
44059
46780
46207
42850
39606
40304
35007
49121
51033
47592
34704
47014
44455
49231
52382
52247
51518
51238
41778
40613
46700
42714
49079
47915
46721
38902
43826
50312
40095
43498
47301
47784
41342
39132
42181
48807
44547
47166
45861
46096
43947
38995
40985
48455
50433
42509
47232
53902
40663
40638
50613
43280
47987
51799
44949
47395
50091
45631
39038
44610
49345
49098
38381
50212
46652
43405
46111
52367
50709
36938
54157
44315
53074
41542
46340
54987
38733
36029
44252
51268
44475
47914
46800
48236
43015
40522
40419
44493
43929
38084
50018
41849
45044
49892
53657
42721
58861
42539
39134
49160
51228
46464
38043
38660
44252
49417
49267
41855
46266
52246
41128
46654
46578
40979
38495
39780
43550
47308
43365
54224
44592
53684
48534
51704
45717
55410
41771
39667
43677
50085
48246
41964
43462
41800
49397
44470
44077
46800
51001
53431
46917
56200
38698
40175
50126
40846
53332
49326
46548
44445
42650
51505
50146
43097
45032
58467
55211
50623
47964
49417
51564
52926
58006
54253
45311
46172
37644
43731
51990
45097
48645
45337
51180
50150
47731
42802
47893
48505
47207
53581
45360
53313
47916
51351
46717
48029
37219
45882
51395
42617
47404
44909
46380
52651
54178
49503
49983
41486
38083
41357
47311
47848
40315
47919
45978
44283
48608
40794
40286
53867
44394
46345
45118
54796
48739
53651
50489
40920
44493
44296
42717
49611
45626
56353
34947
50591
46242
46420
49631
41522
52126
45157
43946
44518
49634
44784
49998
46131
50179
54568
45677
48742
37834
47117
51264
48980
40850
46210
37759
39069
51654
53337
43672
49831
54633
47551
53708
53922
49615
49099
44151
51604
40825
45433
44835
57179
49818
43763
46874
42448
48046
45019
51325
49806
48433
48064
51312
44429
43267
47750
50249
42658
47863
64760
37069
41144
45529
53018
49979
48347
50316
44583
49315
43478
48563
46232
45752
38912
50728
47345
45932
55323
48598
57362
47334
54710
44129
41192
46953
48182
46177
44916
42506
46573
47060
43755
46031
53434
41512
40021
40379
49799
49172
45866
48357
43384
35469
45266
51586
47133
45710
43378
48169
49921
50798
48825
43241
43182
54123
49383
47758
50581
53611
43249
46035
43692
40078
56344
52706
44716
48935
41965
52435
47159
44816
42908
44451
51070
44898
53460
45036
45421
39354
48840
45969
46753
45114
42265
39172
49974
50702
48419
45590
46226
52305
41384
40829
59252
45831
37715
48869
41889
46063
52206
43993
46465
58115
49154
37319
48971
50398
51894
42768
50773
44647
50725
44103
48487
58789
40066
44630
35578
42896
36336
42855
44343
49094
40720
44344
39446
45671
42829
46416
42847
40386
41816
42560
45450
44335
50422
43365
48629
56127
46708
47324
48068
50546
41125
49781
45172
51783
44239
42067
50059
46462
52539
39832
46984
44396
39104
44143
42978
51357
46199
35792
48145
44245
47101
46607
42554
51065
47247
51700
48937
46381
43030
47817
49813
44235
50637
45387
45103
43794
43775
37630
47553
49675
48878
48386
59788
47705
38276
45061
47060
48866
49883
45333
45515
44535
46731
50161
44799
54156
44379
46560
43287
46983
38725
56349
37745
47329
39046
44155
48113
50519
41359
42340
54932
47343
41586
46777
45401
51673
44584
49346
48021
57862
44363
47668
34984
40660
37968
48832
47944
38794
44327
36953
42202
37616
53223
44104
49637
50896
42861
46312
48742
46734
53412
46594
53774
50006
39220
52701
44292
50658
56769
42619
46731
44622
47258
48299
39181
47591
43751
39831
46404
52094
46709
46672
47970
46732
44337
44297
48703
39385
42211
46774
45156
44345
43218
49654
42365
52462
39442
57719
39128
39011
34535
46670
43031
48204
41086
46211
36083
41604
46845
47665
43886
43232
51509
51446
47959
41058
49016
46516
49562
41830
45880
42469
52345
37664
46446
45673
49374
48557
45506
53579
42675
48367
35603
43165
45146
48210
37126
46315
44215
47417
50880
51311
51210
44169
52754
43402
49375
50412
41354
50794
45304
38827
44479
47978
46657
48045
47052
44087
54716
41897
39758
41748
42416
47022
55370
46140
47292
45198
44356
47378
46932
39127
47172
48864
48215
45704
49128
41512
50406
51309
48011
46402
42353
46478
50661
40118
49188
43356
44693
45932
49916
52132
37788
47470
50223
37651
47466
44542
50596
48513
43483
45528
39993
48695
48111
49937
39643
42763
49291
54310
53492
48492
37466
39933
41726
49670
49258
51003
52709
44904
46532
47483
36811
50149
48069
47450
49169
46786
44333
44469
46544
48250
36513
43700
43731
49360
50744
48047
48882
46042
47282
44308
43251
46783
31903
55658
48132
45112
56102
44343
51912
50385
46937
44966
46014
48610
49080
46069
45747
47337
55403
45071
48756
40194
41072
40474
56064
47984
45487
43318
46030
44257
40780
56346
51059
47365
47084
47209
37677
46835
47633
43481
42286
50494
50253
39854
48865
46294
53896
41748
45321
53559
38136
49155
47727
38896
47620
43665
51426
44996
48476
45888
44588
46520
57835
40448
51689
43301
44541
47085
49056
41146
51248
45990
46235
51969
49196
51342
44678
47504
35550
49099
40044
46203
44333
56354
45379
46219
40459
43968
42004
44608
42096
44515
49107
43080
38119
54635
52002
48610
43593
50560
44110
42417
49076
47446
40278
49362
41386
39591
47728
39641
49899
47682
49881
47437
43713
31330
45070
49580
44162
44535
39058
49651
38441
47912
52393
48618
41080
47739
44258
45801
40334
47579
37366
47681
35655
43303
33756
49887
39304
48236
48835
56224
48683
48524
52454
43548
42348
48163
48842
46256
40430
45565
41305
51470
45085
44870
44011
46550
44954
46525
46482
44138
52711
35230
44713
51117
45951
43380
51009
49806
46416
41535
36624
46215
47264
47266
43167
49993
41843
54581
50249
54057
47019
51076
48931
44130
45830
41023
43657
36969
48346
41924
35075
46619
47528
47323
46192
52209
48932
55221
44815
48329
38943
44656
48048
54152
52903
45917
49721
45509
58543
48746
39719
44680
45316
53328
47350
40696
46455
49119
47669
49755
41867
50818
43396
52669
52517
48071
43868
48006
33121
47762
49954
53895
47680
51957
42308
41146
51479
40608
49130
41764
47743
41091
54478
45943
53060
45250
46845
45173
49225
47161
55737
45881
43089
45776
46957
46964
52802
45076
50276
44601
49373
40836
45183
50415
47633
45977
53129
49543
43074
49996
48034
37495
47539
47863
46336
46050
47003
42319
42523
49213
51235
48144
45475
42394
47957
40871
56093
38225
42507
51211
51578
36620
48648
49752
47864
48981
53216
44528
48798
47113
44814
40507
51254
43766
49177
49071
44861
48110
41025
46334
51819
38418
50795
47638
44876
42917
45168
45711
48490
43125
46227
48346
50466
46663
42763
51230
44456
41902
47843
53589
52749
45149
43466
44887
53853
52170
60501
47380
45976
46691
45605
43667
38279
53347
45049
40249
53935
48812
45405
41670
42462
55422
38713
46832
46097
48817
64129
51767
45094
54190
46404
51813
42505
37067
37621
42844
42095
48273
40127
35606
45164
42984
40612
51623
45607
44728
41208
48458
41765
44672
43062
41311
44791
46563
43744
47385
43690
42002
44693
48851
44652
46818
50729
52251
43606
47366
37766
40117
51772
38034
49138
46337
43184
44767
45743
55218
44061
39078
45952
42621
46933
48467
47379
43555
42222
45020
49181
51991
41998
45282
48803
44587
44201
50421
43626
55893
52939
46182
54799
53766
39517
39982
45999
51807
46120
46167
47419
55957
39181
36998
57274
36888
51131
44769
37065
45947
40239
51121
43369
48034
51679
48855
47988
38609
42440
37804
49007
48266
49077
41975
49101
42057
42542
43549
52242
42553
46265
48817
49601
49046
48078
44643
51348
51109
44060
39774
52129
45645
41261
51614
39619
37384
38613
44174
39798
39780
52673
45561
41835
51862
46319
50722
43926
40673
44945
51220
51731
46009
51383
41533
40845
47072
47372
41873
42046
49821
38614
45089
36933
37493
41501
44742
40061
45241
46518
46111
38002
44452
51541
49789
43208
50178
47305
46151
47440
52124
55390
43425
45593
44696
47302
43697
43517
43906
49330
45560
42290
49510
43440
41402
51851
47050
38704
48140
50583
45125
52290
47529
45539
51392
42369
50007
43592
43561
48809
43803
49748
41461
51088
45122
48602
46073
49789
49749
44122
40829
44365
36520
52278
49339
49720
49828
49056
52955
46775
46017
46865
47832
47998
50794
48392
55698
48015
49904
53978
40542
45556
46852
42533
46859
47162
41591
40324
51829
50204
41032
53171
38402
44970
49642
52578
46810
43864
52739
43795
50063
45957
48675
42806
47889
47749
47705
52240
44993
54349
50216
45562
55461
41123
43957
49555
51495
46040
48249
49225
42020
46964
36893
45100
51211
39666
44415
43647
49683
52999
50165
45912
50295
46445
51643
52308
53517
46562
53156
48702
47381
49019
42750
40698
42622
49620
41816
48629
49200
48827
48814
50511
41202
36409
45303
54053
48828
45559
51327
45783
41567
50229
45261
44443
48170
47468
45104
46022
48317
46134
41548
50994
47571
45149
53146
44730
56289
50816
50538
51304
47121
45084
46944
54931
44081
40161
45334
44247
53334
43825
44589
42187
53942
46111
45738
50051
51742
48599
40909
35877
41678
44632
41226
39391
56733
41657
37782
45138
49357
52271
47114
46628
42939
44455
50496
46769
42149
50689
41367
40174
41380
57652
45279
45912
46196
45476
42611
41915
42544
42175
51988
46877
47700
48198
47419
55211
45691
39073
52600
42573
47557
43772
41135
42625
45295
45173
40041
39443
40572
42671
34019
47450
49608
51013
45390
54192
38539
44652
46453
44837
41071
44566
46965
53793
43970
46442
44151
48392
53000
43063
49784
45640
51695
55158
39466
39329
35838
35925
40243
46273
53412
41745
40673
44767
39634
45641
46245
52715
46224
42766
43868
41766
46124
48944
40492
43877
45352
45735
49450
42653
51329
46651
41379
40467
54910
49331
49576
48259
48049
55538
37380
51018
47747
49582
48064
42393
47489
51873
51887
48855
51320
44595
47549
43967
45748
44754
47622
45587
42604
48365
46082
42031
46777
47384
44579
43305
53535
46043
50625
49091
54636
55204
50182
53410
54104
38183
47110
46144
45506
58012
44523
52015
43832
44981
44540
47718
46874
46663
48156
48600
53077
49571
42760
41635
42537
49557
43982
52726
50960
36538
39293
51589
50727
43980
52144
48923
45533
49552
51172
47874
40182
44254
53808
41022
35305
46799
41912
42424
46071
42087
37918
50360
34927
51692
47769
40563
46461
45859
50369
39752
49689
47362
46384
45051
47162
53200
46224
43993
41983
55234
37211
40955
41983
47377
48193
46025
34755
48363
42251
49175
36918
50301
49307
49708
45111
52237
42397
47393
47356
39628
41501
44596
53164
51891
50929
44024
39365
47986
50329
51884
50299
42940
46743
41225
30323
42179
42375
57619
48933
52200
51431
44158
47117
46499
38102
50885
46157
47020
45886
49643
49357
33590
43180
36275
54037
47228
37873
54220
40833
45689
51308
40928
46367
40796
44111
40636
44510
44128
45404
44926
45403
46639
50965
50084
50559
46414
41143
45287
42337
40902
40358
44265
46686
50618
42631
48201
50618
50876
50892
46000
40029
46650
44711
42035
41588
47640
50764
42349
47016
46982
57066
48473
41113
46081
47020
46190
42239
47844
43146
51300
54067
39742
50245
43872
50077
51590
40045
47618
44253
39608
48661
41419
39114
39517
31330
50545
45080
54292
52945
49670
41691
55654
37000
42373
54394
45998
49630
53084
36763
38973
48791
47449
52466
44394
50655
40141
41615
39862
50362
51781
51390
35384
48314
47188
50561
52909
52661
60887
47068
44684
42000
48002
46653
37302
42518
50029
40875
48370
51758
42969
49519
53414
43754
44236
52559
46542
46723
47770
44823
44898
43838
52336
44305
48023
52438
36614
46365
45835
54833
38380
44643
47229
49342
46289
42093
47293
41608
42787
51283
45664
42954
44885
49203
46132
48542
47222
47618
42548
46661
53516
48610
44013
49418
51913
41943
42608
50447
46863
56159
47707
49832
49943
37540
53135
46727
43812
47850
47435
48085
48625
44927
47179
48638
44615
52986
51023
32729
51084
44882
44387
44810
46967
40992
44555
55184
38071
47848
53350
49413
48089
50344
50597
54798
47367
41369
50962
46507
44750
50254
47064
45723
36608
45457
41164
51264
48222
43298
42829
49719
44309
48533
42541
49341
47820
34920
45341
47147
46358
48403
55408
43066
53485
49123
57162
47308
48585
45116
47199
49631
41579
49826
44028
48997
52057
45886
48813
38812
46884
40953
47567
44657
46886
46901
46912
49754
49098
47952
48985
42426
51281
45679
47735
49799
43975
50557
42085
45730
45759
51526
46850
42460
50856
45306
39555
49671
42470
45086
51919
45627
38901
40411
45379
47178
48607
45916
46831
44233
39983
52706
47051
49043
46799
40547
37241
41665
49421
43506
38875
47983
44069
41817
40946
43910
47298
46713
41085
51509
46760
42721
48960
40698
40123
48688
44342
40914
50245
46119
43107
49147
44412
36709
44376
58484
56681
42845
46881
48467
54015
48820
45786
47587
39814
50246
47502
40236
45530
38899
44700
38960
41684
40902
51721
40223
44080
45017
44534
37502
46943
43879
46076
40949
55848
58372
48807
50235
56625
54931
51379
50350
47861
55948
50721
51308
34737
45708
44460
55895
50251
45421
46540
43921
40821
43299
42453
47128
51629
56562
46459
48642
48878
52065
46277
52480
42872
53090
48756
47226
49633
45003
43376
52989
45632
50716
42385
49961
49903
50670
44056
48599
44945
44951
49380
44438
51904
40511
36430
49383
45286
49331
52802
45784
51130
43203
42789
56749
43328
47659
46248
54195
51600
41809
47728
54001
52713
47770
50912
46632
44503
55624
42204
50584
40053
49202
45641
50152
49973
47153
47279
37551
42465
50748
41520
49150
41179
40844
51975
41229
41128
36690
42188
40710
42715
46962
57226
44388
47748
53646
50810
53043
51331
50384
50635
50590
46574
48237
46694
48863
45536
43377
53187
45434
33121
48040
52928
48593
48455
41068
45827
44881
48598
51770
38961
54591
48661
42261
45661
39148
49747
47997
58720
45498
43818
46564
45597
48178
50059
44593
41036
48764
39674
55909
49705
36469
44552
41049
47630
42044
48711
50876
46536
49676
47888
45757
46046
47852
51169
40533
46182
52256
47788
39919
54635
39891
42640
43533
40226
41106
42590
44719
52358
46503
44191
44598
36340
44623
45182
49622
43572
39078
54856
45484
51137
50967
47503
42981
42900
47998
42532
44919
45047
44169
44034
54751
49497
44953
47896
49265
48118
46327
46255
53499
44194
46297
47888
49653
42189
46558
49782
46306
43705
44625
39966
49263
57416
46266
44156
49623
45819
47469
44916
38316
37738
48134
41449
46335
49709
55042
45517
53349
48328
46119
48462
45951
48534
42660
54237
41295
43285
54025
44378
45739
45972
41975
44761
46183
44878
35409
45534
40646
43516
45976
48353
53837
43868
47859
50969
50125
42333
41661
51248
49057
43058
49664
42437
49403
49343
40316
43582
44512
49224
38272
40444
46877
47415
48765
45698
44518
44163
43703
42982
46013
41247
48965
47213
39839
50300
41010
59216
44689
44645
40574
51337
46514
46561
36221
40843
47693
52774
43578
47208
46796
41953
45995
53918
46162
50462
43371
51088
51798
39015
46136
42601
48983
54876
49984
40674
45485
41020
44351
45275
47739
51235
48673
44803
43822
41638
51723
42909
47823
41128
52438
46892
51600
37970
48761
41159
46204
50846
45839
44425
45075
47357
46749
46826
48372
40731
51833
47994
41952
41331
49330
47210
47919
47844
46325
40506
45919
53502
48675
52296
46269
52604
45302
56458
47387
47407
49861
39491
41530
52289
41631
49866
41871
41418
47401
45802
42767
51386
47400
45247
52411
41474
43134
39498
41095
41359
54219
39231
51932
45554
40344
47090
45489
44340
53319
52966
48017
42342
50679
53054
46615
48320
46722
41258
37931
43849
50862
51226
42830
49470
52389
48973
54097
38067
44397
42243
43888
50902
40331
46448
41970
42822
49254
55863
47611
45627
43694
43955
51030
51651
49195
52021
42413
38175
44458
44956
41381
40945
46572
52959
36262
49219
37122
47020
40952
42512
42145
47090
49550
47024
44981
44591
36739
40384
48963
46190
44594
53331
41119
41080
54749
47399
39303
51678
47987
53870
48897
38239
43970
42406
37114
52465
45295
49259
50336
39547
46376
53630
38591
46707
45036
48201
46672
50517
44265
56606
42955
40680
46315
46288
43682
45204
44798
47606
50678
36422
45944
51940
39922
45114
43125
44068
45197
43610
39357
43417
48914
43699
39067
49565
50118
43857
43221
42419
50649
49566
56213
46033
55288
44749
45851
46705
44103
48874
39747
40856
47490
57603
49152
53997
52437
49122
55298
48719
49033
45053
45713
34913
43296
50585
52137
45133
46024
47224
52048
46525
49361
49124
41344
47228
46839
37356
44792
44476
45100
43791
43112
46434
41885
50451
43810
57227
50525
42148
49201
45418
52825
34148
45156
52445
35259
47190
36169
42049
42477
47971
41698
41972
44736
54122
48515
46479
50494
50276
50847
50620
51648
50456
52412
49854
43758
52832
46352
47569
47497
45519
49857
53095
46690
44080
49500
37073
51281
53596
37065
47374
44143
56125
53659
45750
51157
47774
45231
43117
38820
55101
40392
44215
39301
48734
43164
47124
49292
44069
40251
47437
51981
48263
45156
46167
37299
49032
40212
41592
46657
46109
45292
50190
49174
40036
41704
39660
40683
54706
52631
46406
47982
51044
38221
50527
48528
48031
46020
50973
42505
48980
50313
48905
46893
39430
37157
45206
40777
39280
51449
46184
47189
46443
44012
45288
46572
53478
39448
49138
38576
39398
47168
37932
50895
44115
51225
49603
48061
43775
49804
51593
49942
46277
45729
46647
50466
49515
48945
38502
49925
51406
47341
41236
44462
40356
37957
42802
41485
48316
46089
55055
47758
43615
48470
42260
38309
49867
45732
46660
49788
47407
43291
40311
37061
48725
55430
47668
47646
52642
53114
45350
44287
55750
43862
42084
45785
43566
45965
39026
48650
56739
39060
48908
37291
43699
48552
44522
48049
50294
47897
45418
47460
43735
43803
52443
43941
47214
49345
36434
46555
48901
50143
52260
58203
44084
37741
45016
48722
50035
45702
53427
39418
46480
45392
46928
43852
46167
39762
60085
42820
45304
46597
45974
54016
46366
36855
51377
44267
41003
43818
53729
48099
46320
47464
49306
42540
48895
47182
45142
46899
43225
49917
50874
48094
49069
55945
42597
52759
39976
47750
45518
46392
41530
39795
48717
44591
43402
34726
42411
46805
52631
49278
46055
45817
50272
39379
43232
52753
53576
47332
46477
48183
46226
51127
49200
40689
49684
44826
47120
50969
48703
43966
43809
48851
47173
49824
47693
48959
46894
36129
45026
48806
47768
52561
40326
48074
43841
47543
43759
53942
48180
49038
48534
44373
47193
53189
48935
51544
43809
53157
50194
50516
44929
47873
42684
45428
34791
51442
52714
58227
47011
56371
48458
49148
50221
48695
45674
45505
46633
49171
47914
48897
51748
50840
34845
49880
43403
42582
43636
42056
45855
48173
44462
54522
44216
46164
50962
53969
50891
41947
43624
48149
43507
40268
54161
50868
40570
50868
47512
36911
41254
53182
55747
54887
45266
43361
34613
45802
44858
48007
41988
46407
46824
54484
47909
46644
54169
54083
42172
44757
32006
46114
44509
37850
44074
43582
43167
40131
45117
44086
41892
40692
50699
45471
52615
45916
46245
47455
43725
42898
49878
42222
54589
57075
51388
51941
43436
42757
43175
44437
40548
48870
51611
41771
49575
42341
41347
43427
41856
41575
46395
51108
47327
50472
43456
51532
49003
37918
47062
38162
47099
48205
48281
51621
49801
44614
46684
48218
49070
39923
38338
50642
38543
45783
41788
52120
41335
53234
44279
50176
50275
33860
44696
43989
48434
42825
45705
47417
49207
50550
40297
51012
48280
49655
54148
40635
44546
41914
53071
47883
42971
48649
57624
46162
49820
46228
47088
42735
44001
41532
50755
43268
41691
52722
40163
47052
43897
51977
45981
49103
51140
55681
42533
46374
52387
45573
48728
50992
49287
38937
39676
48182
41944
44467
46314
43415
52859
45277
45005
51648
43290
46654
47482
39984
43145
43093
42786
41045
47604
48332
46762
49277
47127
51131
38233
41904
49953
42075
53478
43544
46699
39594
45034
48288
39684
43259
46703
54226
40431
46011
46276
50495
41647
50286
47308
51418
48004
49928
46446
39614
49978
47593
45493
47819
43456
44059
44363
41381
47674
53163
43547
49732
41650
51034
46289
48309
47399
42162
52531
38140
40758
51348
47341
37729
43893
46034
44266
47523
42999
50098
38346
49758
49757
37370
52376
41347
41422
44708
47516
49534
44638
44352
47848
40827
46233
35904
48920
41596
48764
43715
49957
42614
51542
44316
45187
45153
39899
51617
50964
34546
48964
51909
48592
41966
54216
47895
46200
33197
45019
45894
51057
39468
42849
39088
49423
49211
54068
46286
47850
48699
48382
42585
46465
43487
49878
38518
53756
37869
48558
47108
44663
42824
41975
43163
38987
39884
47279
47920
46184
40081
48594
36991
43906
45395
50727
44503
51344
47036
43097
49487
41660
40959
44046
39055
36630
49783
41925
46924
46258
48725
39807
39967
44663
44442
51443
47241
50888
47225
48923
46149
49582
48964
45050
36307
44012
47897
46592
48276
43695
46095
54642
54994
48918
52479
38841
44054
48430
49938
47538
49683
55838
49899
44114
43553
39760
38965
48323
46904
46678
46679
43468
43470
38305
50193
47113
54387
46533
56061
47794
39878
49517
43244
52028
31846
50869
45372
44355
46041
52583
44253
41586
46531
44836
43193
40384
47445
50927
49914
45899
47881
50221
40614
50114
46563
37578
46182
51139
49197
37555
44345
52564
40164
47807
48715
44055
49419
46459
42825
45330
54302
47207
49261
44419
51904
36096
45071
42451
37764
47210
49862
58308
47853
53152
45787
40191
50689
52959
49961
49475
51968
45628
46937
46554
43972
55122
45607
36968
47652
47004
49801
39879
42362
46944
47245
46816
37124
44996
41132
47424
50056
43003
45105
45807
42969
48962
35589
47871
50017
53258
37583
52019
50021
39132
46133
55924
44475
43128
50445
44115
50826
42391
48761
45761
37995
39311
44032
41986
48914
42422
39187
45810
44499
49409
44553
50216
42266
40569
47285
47947
48556
45624
46009
47500
49221
45126
49243
49592
48693
49881
34314
42628
52076
33682
45149
46041
37453
46749
48450
45452
43024
50084
48454
50365
44050
40040
61231
45261
46323
48795
44347
53326
48850
40545
41767
48192
44498
45507
46276
51013
47148
47930
41638
41744
35512
45841
49456
41250
53474
53331
49931
42495
44457
45898
43092
50518
42799
41300
33698
46833
54449
44094
43752
44790
47515
44609
42021
44382
35908
50528
46957
39833
44451
45670
53507
46375
42031
43723
39831
39859
52775
44434
50697
42031
38003
44077
44138
49610
40914
53187
51784
36882
37575
43977
43553
44318
45626
49192
57656
43158
44913
44852
39784
37738
47408
46792
46228
48583
46592
49964
44936
41189
45822
36596
49271
50899
43522
52252
50895
35039
48450
51898
41290
53322
59946
39224
57870
46732
53982
44242
55158
51205
43905
52628
47694
47437
50420
46400
44507
49403
54340
47540
42157
42261
45780
43611
50052
45111
33918
43498
41475
51650
44892
32862
42485
50411
36705
41549
47135
50333
48415
49478
36617
41532
39171
44989
49015
45621
48198
43914
44315
54441
42143
44928
41619
43030
45577
47644
35326
41687
38069
40367
46352
50330
45910
41097
38392
45798
44600
41193
48222
52103
45420
47888
49997
47412
35091
42567
44439
39704
47632
47010
43991
46395
45058
40424
49664
40144
36960
47644
58674
54358
46757
41985
53488
41710
45959
49511
39746
53743
47627
40742
38735
45175
31697
46220
49912
43923
55183
37923
45516
40523
47390
42713
52652
40021
40768
44621
48237
50078
42821
48147
38836
43374
38530
51321
45990
42292
48228
51174
51096
47659
43185
40815
46105
43375
47559
49347
36788
41777
43742
40118
48134
50657
48612
42034
43448
41987
45563
43504
45747
53438
50405
45079
44441
42690
41333
49102
39113
44249
37845
47892
48395
41555
51297
42545
49402
47629
47252
42764
50366
54753
52123
50741
47624
44997
44577
45143
48799
48724
41131
48771
50588
43995
45363
49243
50749
45036
42605
55194
49237
47062
45687
33789
45407
39400
40676
51171
44048
42082
46834
48202
52270
50332
49639
49082
50849
49416
44460
47269
41074
42838
46860
53499
51699
45569
45397
41694
51432
43620
52810
46346
49514
39643
56583
41653
42372
41561
43732
50878
48075
52309
41559
42791
45199
47603
47699
46221
43591
55822
47897
45119
50664
44557
47160
48534
53707
44966
47332
45559
44066
48022
51463
48027
43145
48977
39692
44897
47134
52946
45595
51955
48418
46710
43197
49340
52074
51958
45776
42906
37829
48424
44344
48192
49637
50434
47318
47489
50819
56509
49563
49230
54883
45860
46147
40575
47834
45509
51334
44225
48130
48224
52034
53837
50547
42020
46239
45841
46722
49270
48578
46959
45448
43996
42618
38334
42452
49526
42751
55078
44942
43364
40330
48665
46403
43446
50325
45006
43361
44449
50582
39824
40304
45340
45740
47699
49131
45115
51104
48323
54516
38996
49662
48169
44635
48246
47509
45503
48593
49875
47692
45513
51656
46488
42703
46231
49826
43136
44295
40503
42864
40763
51171
55791
45375
46396
49232
45159
46796
44855
45887
49596
41934
41777
49393
45436
49536
43513
46399
56437
46056
36076
50187
49948
50118
47668
43034
51524
42912
47694
46459
43638
58510
53969
60568
50695
41645
46903
41957
48709
51757
51068
46200
46429
46996
46759
44917
48216
41418
45617
39455
41243
37833
44806
50594
45482
41688
51229
41867
54726
50164
47851
55170
47591
47323
50856
51426
48939
42542
47129
48956
44956
60964
47944
45079
49051
52715
40426
50885
38589
44898
57348
46172
44650
47905
44731
48236
48397
40569
48982
52350
47871
49839
46697
53674
49935
53177
47754
48155
43672
45451
42901
48864
45733
45865
53997
46994
52929
45117
42500
39133
46198
47791
42220
48675
43431
44712
44370
46840
46342
55508
46670
48972
55448
42081
44351
48188
43849
52151
45020
45225
45037
36315
48373
42867
55888
50055
47333
44447
48840
48921
45996
49137
40408
43985
52677
53886
46583
45082
45772
42743
48049
48225
44217
47895
46098
39692
41211
49160
50119
48217
44876
43014
40772
48021
46997
44021
44252
48036
49028
44107
47953
47045
45879
46096
40853
41814
47459
54404
47186
46898
48165
48386
46475
39803
46184
49798
53973
52208
49621
44514
45852
45539
45244
46030
48993
51705
47000
50115
51184
44930
42083
39117
43277
40036
47515
46902
37423
52528
45410
43366
44958
43454
52117
47606
42551
44033
50127
38701
43600
46979
48975
47150
32926
52055
45172
51404
46095
44904
53953
54143
53725
40584
43688
43350
45520
40670
43118
48980
43891
46255
53845
55016
47801
45959
42055
41845
46727
49242
46208
40147
47010
42736
45130
47954
50658
46445
56879
45877
47390
55008
42927
50906
51046
47507
54513
40365
47309
41767
49299
39589
48309
45538
44839
48519
49914
46335
37240
51942
42040
50231
45589
49513
44064
58548
46073
47206
48647
44252
46982
42291
43350
41437
47514
46121
42767
49530
40784
40810
42271
43120
57912
44273
46268
46391
43183
43258
45262
52443
45160
44836
44438
46638
50170
58258
48703
45107
50948
41572
53321
51404
50383
38205
48390
45162
47132
53984
35273
56086
52014
52483
43371
46192
38562
46392
45387
44263
41720
41520
50324
45576
47258
48181
45317
48263
55383
48575
56063
42940
46401
53020
52023
54121
49032
44824
48296
51530
40383
48632
34214
38454
45152
50013
40245
35785
40432
43933
50375
41113
42281
46602
46673
48644
42932
39100
54263
44451
43473
51038
36732
47576
53234
49501
45732
47377
46346
41337
45975
50181
45461
43143
38813
43575
46914
38327
44505
53899
49838
51733
46603
30631
45593
43799
55646
48426
38785
49477
39922
42473
45503
43409
53396
46228
42300
46843
42469
43821
44634
48735
50589
48366
43303
42148
39800
52821
48879
49561
46976
46187
43958
41297
48804
47999
44701
42752
51271
59796
43603
45426
54592
43825
38838
45834
44211
41387
47611
54223
47902
47137
38635
42694
48719
43657
48702
44126
49772
49356
41046
48670
52848
49426
46921
49450
47362
49295
38267
47162
48932
39731
41253
44596
42587
44637
42287
41498
45264
47640
46002
41989
47742
42996
48554
42312
42695
42380
40757
49876
40773
40600
44320
39383
52792
50310
56044
39130
44469
46865
39908
48486
37019
40493
56948
50418
42940
46293
47373
54028
38367
44467
40245
51203
46544
44455
47613
36773
37649
45194
44373
46986
47463
46219
36948
46412
43839
43370
48187
35367
54668
46180
44713
42379
45010
46840
48894
43369
52342
46678
40473
45524
42516
59236
45687
49841
43570
42816
43274
53292
47210
41562
45726
43528
40033
47981
48822
47102
46121
47974
40848
47773
54263
49321
53392
47572
48852
45974
46328
45799
49427
49821
41241
41905
54893
51643
52550
49258
48226
51985
46408
50671
46463
51661
54493
45941
52854
40052
47591
47184
42628
40554
50143
53209
48484
48377
43233
48777
44412
44853
40721
49696
52333
48279
42333
43343
44674
47709
39677
45545
31050
52055
41537
43215
43301
42217
43696
40524
40307
45390
37654
41420
47370
51065
45890
52287
47993
39632
43821
50991
45215
42499
44981
51368
41749
49365
47638
37227
45622
47851
46501
50496
54051
46298
42497
46192
48914
44136
44782
47717
43704
42752
49353
55379
42773
50956
45883
42986
45152
36936
43753
46625
42236
51534
57703
39789
45556
42496
42362
48806
36289
44204
43369
41760
46174
49739
40590
44095
52809
46280
40117
44652
47217
44088
48469
47400
46924
47344
56959
47042
53238
41642
44056
39924
41532
41159
50318
46728
41425
41444
50077
40082
41593
43185
50428
46439
42436
49068
46925
40454
52161
44318
47174
48534
45272
54750
43975
53606
46466
44534
40664
40598
50138
42344
43607
44200
40829
48335
49842
44234
46656
35492
46514
49288
53060
58271
44743
49061
33115
36800
46770
43894
42293
51347
47644
42968
44968
46282
44225
47668
35982
43092
50510
38058
46284
48608
48070
44053
37716
37625
44907
45356
43082
54034
39947
48108
47614
53626
41161
43229
46154
47002
44462
50160
56120
45336
40764
43842
51514
44851
51635
47106
44299
46971
50316
50158
46833
50304
47819
45348
46865
57968
40534
42611
46710
43715
44127
46559
35651
34453
49815
49985
44856
48509
43416
40124
56330
47104
54645
45589
43615
52578
47389
43528
42766
42738
40359
44082
44320
41845
42245
46553
41503
53802
38449
43582
47190
52706
43070
41722
45768
53928
47808
47528
45276
38430
43564
51077
45598
46340
48806
47283
42022
41123
47316
48227
46154
46465
55607
35115
52672
46410
46383
51849
56093
43994
41886
44358
42516
45007
47025
48850
48021
51726
48263
52268
48321
48103
47158
42802
47280
48970
40089
37235
41921
46546
53776
47066
53097
42264
35195
51415
41648
45713
44617
45021
42087
49910
36876
46983
47318
47685
46815
51649
46279
48244
44017
40724
51211
54908
43873
38176
45728
42610
44087
39152
41454
46071
44724
53892
51915
43658
49063
50962
49679
47939
44067
50923
52978
45231
45185
41989
47484
45537
45790
50419
47447
41543
45028
48450
41221
37307
43755
46163
40752
38266
49476
46051
46653
45860
47084
60143
48672
48786
47609
49200
42208
47707
51602
44823
31495
50086
41739
55003
45135
45503
49883
45954
45727
40545
46377
45651
50422
44197
49636
44120
52430
47660
51500
41490
34514
53987
41785
51030
44818
41708
47474
48212
50886
37663
48380
47604
50506
38369
40474
45639
48838
47289
45915
41568
52491
47673
49944
42767
41787
42966
42810
41645
50879
53222
48591
44960
36272
50187
44832
47498
51737
38544
51464
42328
49458
47087
44708
46037
43961
44976
37143
43351
43185
45957
44264
41366
48740
50552
48455
46130
45888
38576
50364
43874
46555
42789
40507
45564
46094
43163
41814
48579
55537
41458
50460
41979
51406
34490
47418
39090
43659
49387
45442
45191
46742
50006
44013
54332
41415
53661
46366
49976
38324
48968
45392
51928
44072
36238
41246
44652
52396
48229
49507
53983
40517
41963
43342
42046
40647
42947
43135
46006
54002
48390
44497
44246
45744
52214
49533
43750
44936
44704
47723
47397
43480
44668
40065
47636
44733
49061
47057
49635
41486
52721
43158
46122
46575
49347
48968
46096
47424
46276
49726
40833
46781
48454
43361
47622
45727
53625
43190
51259
52123
51675
48325
41881
39734
51082
45783
50221
48723
39557
54918
49943
46432
46288
47689
47077
49111
49622
46648
44363
49513
51268
56991
45271
45120
54745
52041
47801
38923
39329
55128
47586
45953
56316
43459
50564
48055
44739
46842
44323
43979
47454
38939
44592
44073
41474
34462
43087
49805
47174
48988
44950
54600
47166
48564
45763
42748
42360
49796
42904
47003
42389
51491
50712
53640
44646
40125
36849
38008
53476
41335
48373
45001
50597
38997
48805
39859
43145
41945
45177
45796
42163
49353
44770
43340
39622
52291
46452
38479
52048
46487
51789
53566
38750
48200
42379
43212
43314
40906
44862
42982
48571
47756
49470
52690
51142
44040
52927
46093
46956
36682
39753
47659
40618
42518
39192
45027
49535
42311
54315
53080
35864
43833
43904
46684
49499
45098
47183
43463
47125
47344
48339
49667
47945
46494
48221
49457
42704
44789
49393
48483
48340
48754
46483
45758
44399
40094
46149
40630
52003
51019
52165
52312
46810
51039
47745
46329
42955
46612
43805
44378
36530
51555
37242
39164
46801
56050
49007
48731
47591
44558
44379
48259
35135
46845
44242
41507
48054
55686
38863
34882
47972
44327
38571
46176
44455
42536
51600
42994
47889
47252
49823
47483
48985
48139
41964
44080
54443
42282
37878
45860
48914
46656
44126
44114
42727
53369
37164
44125
55750
48863
43027
41559
42553
38984
42017
39192
44367
46170
46669
50122
49764
43413
43523
48132
44473
49262
42206
55599
46021
50022
51373
47477
41428
46154
48019
48833
37965
54356
48464
44279
41703
44929
40052
39817
48929
57629
46920
52874
48188
37850
50898
41376
43326
46537
45120
41390
49101
45523
43195
51081
51290
46494
50444
45623
49276
40415
39756
39684
46869
47544
55617
48778
41092
46133
44313
35888
50251
44280
40767
36333
51465
47596
48964
51762
52934
49304
44484
48557
49037
51576
43168
39161
44038
48166
43962
51307
47024
40124
45227
48351
46762
48367
47238
43385
55428
50787
37011
44922
44989
47747
44785
54331
51872
48007
46673
41530
50601
47725
51871
47111
45091
39656
50021
45098
48327
49066
48376
42866
48558
42096
49269
47849
47793
47376
45308
49592
45085
49009
45736
42957
45143
50561
49352
39721
44150
46174
37697
55560
50411
50494
43546
48652
43495
40220
47639
46618
38312
49507
49753
44117
44222
45298
39927
50452
52463
46325
39267
43581
46405
50194
49175
44531
50054
52043
43368
53206
48957
48974
40886
39807
53942
40145
34338
47331
45363
46661
46661
50792
45803
48339
41452
35900
50914
41651
43946
43815
42127
53305
50648
49172
42031
38429
42396
47047
47914
43705
47901
46921
45921
52202
44132
44556
44266
54264
47101
38848
43239
48189
52624
41683
44546
49450
49284
41855
45655
38530
42572
47159
57605
40905
45391
53400
41184
44406
42955
49755
50660
49170
41658
49613
37353
41450
39723
43903
45537
49461
52219
54290
47998
45431
42660
42611
49001
52488
46869
47525
43896
44700
50243
46983
49410
40946
38098
45819
43612
47748
51083
43666
52097
45528
46362
48642
47986
50610
38135
41265
48272
45580
46320
46870
45331
47047
43791
37479
45276
40731
47958
41216
47229
41826
48531
49573
40337
42044
44670
43467
45201
43468
44447
50877
59112
41734
51180
40464
42412
48382
51930
46423
48130
42470
48488
53139
44063
46469
50070
40925
44454
49101
44077
38897
45907
50381
47048
43304
55329
47922
46598
47406
40919
42343
43731
41130
54666
48429
44704
45402
49322
46454
45513
41779
39031
50119
46238
50932
46930
44966
39139
47430
46587
40844
35801
49619
43155
49693
53888
47991
50102
47369
39582
46197
41027
50339
45077
54255
49989
44658
54499
50909
40314
46277
55065
48989
39113
54551
56508
43974
34338
42515
45891
46309
45926
41468
49866
45618
39688
52360
49309
42992
54255
44950
39147
38759
51659
50850
39759
48288
42723
43522
43770
45935
45302
47480
43668
40846
44350
46998
49772
39625
45375
43708
43320
51020
50977
45645
52895
43932
40886
39511
45157
52675
52045
49959
51006
43443
55568
49533
45793
40867
55775
48633
42915
45422
49805
46829
51725
48458
43208
43959
47224
46835
36082
49158
39729
48635
43481
44393
53383
46225
43251
47712
43600
53456
42313
39408
48874
39088
47310
44691
40091
39973
47457
48167
47859
42759
42097
46889
42929
38649
41170
39804
42553
48282
40059
38265
55582
46051
53620
52747
54825
40657
44185
49146
44531
46971
52288
48074
60262
51450
47020
42456
43423
50169
40353
45274
54796
42805
45197
42793
46416
41028
49997
40672
48068
44492
43290
36761
46842
48960
45603
46608
41251
44963
45364
39856
38868
44288
48667
49529
45939
55367
46077
46499
48290
53152
42609
46103
50942
51843
44841
47928
45749
51100
44324
49762
44116
45990
45557
55121
50223
41719
46155
44103
49008
48275
54724
43189
51489
52649
39390
52948
48473
43306
47603
47189
50006
43049
46274
47995
45198
40675
44286
39443
44561
49099
40414
44659
49034
36200
54186
50449
50402
53018
41990
48753
43508
42259
45149
39626
45974
46658
42347
43038
57978
49470
51037
59857
49193
47430
52405
46022
32910
50042
39214
41844
52541
54354
46464
54253
46237
40599
50999
56262
47056
46676
43250
42991
40805
37482
40472
47776
44106
49659
48972
53588
48380
43737
35639
40081
50347
47253
46235
48423
49626
45579
48312
52488
43484
47177
37746
45477
31124
53370
40143
41982
47691
46774
38977
49592
37251
48681
49005
59092
49227
51405
42314
47797
51741
52926
52301
47369
53485
48122
47777
46435
32735
51166
43761
39778
32948
46036
49901
54255
45186
45838
42571
43351
45473
47306
46062
43660
46137
40280
42819
49226
43533
50788
47868
53757
40468
43358
46022
50832
42275
42986
43800
49025
50524
48771
51351
46414
47150
44213
43589
46927
45929
41539
45433
52947
36988
41829
40638
37523
56001
42078
44252
53693
46435
42322
54023
52034
50936
45701
52087
48622
39525
44026
48256
46020
48267
42759
40683
53368
44581
40956
40043
46840
42587
43778
41340
43287
34355
49446
37492
44890
49707
44787
43503
42297
44240
47610
44627
46941
42511
52159
44784
42853
50774
42239
52654
44486
44490
44920
49132
42316
39423
42350
44697
59158
46880
50765
51450
41119
41942
46784
39760
46199
44634
52820
44401
52341
49955
44517
47915
50415
53038
42157
50437
52069
46194
47469
53968
51369
42940
51246
50849
42645
41306
44486
46648
45672
48548
36533
50624
51733
48709
49240
44263
42222
43799
41075
49487
48985
42508
38116
47756
46000
45042
47846
52773
42374
52118
50759
41714
51963
50946
49074
37868
48079
49095
46877
46298
45733
45864
48636
51514
52641
53789
42968
56776
48704
48040
48400
49679
39780
46685
47920
43385
45795
58358
55306
48257
47296
44053
54310
43009
50097
40884
40835
46963
45484
47830
46316
48700
47949
49752
44228
49892
54275
42914
45628
49208
50957
45680
42101
37942
45028
39955
47728
45840
45988
42881
48090
43134
40600
52533
51712
48198
43965
43070
47004
42014
41001
38535
50832
39646
44074
46365
46340
48022
48644
51623
47445
40196
49003
41975
40654
55125
51189
41426
42405
48802
47669
59270
50448
49778
51087
45722
49191
48236
40899
44596
37782
45160
47504
52512
44896
45204
42982
47654
49601
45115
45232
46171
35778
33524
38361
44956
45762
51516
43911
50947
45468
47953
47374
43430
46596
51515
44862
35742
43207
44464
43358
43515
53328
42393
51583
47555
40672
49758
46992
33830
46623
48892
52065
34147
47236
51945
46028
43646
44357
54214
50385
47270
45375
42356
49054
41105
53136
48510
45381
46504
37629
42772
39787
49778
43275
48096
56247
49982
46972
41679
46111
49346
48120
45392
42807
41544
46188
48513
44636
48340
52289
46431
57185
33838
41013
46277
44766
47315
40886
47933
44423
49810
51694
50277
47586
50569
44415
40587
41828
41272
51562
39578
43446
47513
45455
41596
42178
53551
42549
55455
44696
48389
52756
45289
38633
41074
43422
41133
38922
54046
51843
50979
43275
44160
47642
52991
47350
41833
43025
57612
47959
47016
44093
42506
42561
46576
43222
55798
46149
41531
40585
58307
49377
49901
46881
44261
50896
46117
41413
52988
39689
46826
46642
47625
46356
45282
45250
47057
48340
42041
48736
40852
46113
41972
46271
43937
51754
49692
37743
34278
45737
47912
39563
52983
51182
49068
38395
56092
46113
43887
46048
49294
46878
42845
50154
41962
51816
55062
47561
48755
47138
39240
48681
39954
40167
45967
53447
50751
45566
46844
41167
43816
48126
53101
51636
36945
43184
50468
40478
40042
49158
46840
46134
52378
54879
42206
43786
50684
43110
42709
40955
49753
39826
51118
48889
47051
40188
41406
48576
49205
47568
49373
46746
50331
36756
48953
48030
47250
49041
46304
40193
47403
51895
43810
46340
33563
48369
40413
50828
54259
46774
43189
52904
49608
43087
47321
44291
52969
44068
40027
50396
41763
44233
41806
48758
45514
40312
48008
50582
51109
43215
43295
47123
52724
41442
51016
42244
50124
44823
38131
42158
46749
44977
52798
42174
43761
46791
49752
47881
37120
41758
44009
52293
44915
49450
48012
37159
56503
45827
50182
48255
48915
47013
47845
54039
40003
41332
50977
40123
47292
44369
46353
46701
47342
50470
47097
51258
51583
39235
44290
50360
48335
38284
37105
49070
39861
43620
51008
44306
48769
50117
50882
42236
49837
46692
39325
40111
45638
50488
39395
43466
42699
56054
50453
39335
44111
47448
47945
47123
48623
44214
44874
41915
50373
44292
45012
41808
47243
53359
53907
49707
49182
40706
45987
47011
52539
46551
41496
51059
48499
42401
48093
47373
51863
41387
51921
45359
42307
44510
50004
45000
49741
47596
49778
43132
48812
46030
49088
49367
47622
47956
41825
46428
46844
46696
37147
50252
34282
47037
51807
52273
50302
45426
45919
44455
54555
46864
51920
39051
48168
54638
59089
45981
52793
40942
49043
48440
45301
52137
41411
50623
53724
45293
38181
46237
47754
40059
48806
47626
45205
44320
46520
39260
42959
52321
48379
57768
42276
43970
48136
40359
43679
53995
49257
41452
39004
40580
48077
49735
45771
41780
45480
48858
45587
45200
51743
48296
47468
47954
42562
50233
47112
46650
44226
52101
51432
54785
52836
42079
41599
44098
43211
56034
50597
45411
51626
50770
48735
48580
42783
51501
43111
43399
49320
50557
47848
42083
44085
41923
49500
41712
50142
56622
41123
51991
39175
46290
51692
51879
41974
46578
38789
45660
46505
41145
49684
42732
48802
43809
46242
43907
50587
54455
46256
44572
44948
41306
52147
48063
40832
50039
56687
50125
51689
57528
46745
43882
45804
47526
44036
43809
41168
42850
45748
40884
50935
44893
41654
48809
46416
56281
42977
44709
46644
46289
40937
41702
48001
49418
44447
52995
50291
46506
50025
53565
46105
42058
51232
52986
44738
50334
43780
55842
50028
47268
46922
47203
48090
49079
36977
42860
48345
46086
54007
42909
50386
46370
38381
41465
42443
52824
51600
44879
53847
46210
44854
55484
36992
48872
43381
42926
51878
51096
42466
45854
45818
47032
45899
43235
47979
38142
38303
58429
50149
49898
45172
51735
47185
42047
39953
47074
41167
49768
44097
44075
49562
43740
47250
50788
39113
51599
40292
46330
52859
48387
39918
44170
48984
44067
45768
45809
51133
43935
56359
50129
50798
39625
46450
50882
41770
48027
38859
43076
45338
35459
39513
47873
44564
44186
45510
44568
43567
44887
44356
45036
46218
46020
53454
41888
44432
47766
49047
47776
40911
45082
53467
47767
40047
37597
47388
53445
48907
50501
46057
49637
43532
45183
46963
44949
48040
42320
53905
50682
50634
42429
51446
41532
49081
41395
45738
47070
39855
47719
42458
49449
51864
39442
51540
48275
37968
46778
43827
47722
45287
47979
52484
54706
44499
50712
42964
51303
48821
49176
44586
46144
45869
48834
37672
49769
41661
48410
48523
41858
48702
49385
52064
43542
49469
45299
52403
47375
40291
48781
48253
37257
46631
43259
43978
45044
49344
42289
53351
46842
51334
54347
44667
47610
47106
45525
37727
43492
47654
46118
48332
40841
43684
54904
43661
51309
49487
42988
46203
40980
46611
44168
43380
46594
51408
49729
53621
48517
48098
42853
58684
43869
48365
47976
39989
40796
42125
50946
45059
49857
49127
40892
46543
47771
37582
41026
33129
46345
45273
35878
49257
43053
48002
38535
51480
48262
58713
45710
45422
46730
44588
42234
45625
46141
44747
51194
46607
50632
48363
48579
46240
40739
44045
53241
51097
57136
45182
44643
40997
46308
44778
45445
35817
48569
37504
53916
48967
48069
50036
48745
46274
50339
39605
49179
42893
57066
47569
51294
41259
37211
51008
47482
44884
41959
41420
47082
41780
49000
45509
53589
48303
41899
44125
44438
43885
48710
48396
45919
42835
46644
43064
45967
46274
43895
47491
46109
45062
49180
46290
35770
48106
52018
43104
47783
47457
49502
50701
44057
47932
45746
49361
42707
54735
41815
53861
48613
40142
36503
44176
46654
52895
49328
46320
39272
44225
46909
51323
43773
44964
41095
42538
48821
49758
50146
45670
48426
54657
50722
49630
45431
42233
42633
43168
49158
40273
48840
43177
49062
48242
41830
46302
42643
36665
50991
48268
54426
45813
49943
41665
42815
45927
44154
44680
41793
47663
45035
48307
41987
49377
46597
49983
44764
44455
46250
42851
48622
40666
40661
41347
53158
48812
38607
54809
43853
44703
46428
50876
45940
55884
50896
47645
55545
48743
49557
40087
45081
51056
39412
49389
45551
49683
45274
43201
49796
55030
49930
42628
39039
39200
50391
49703
43054
47719
49170
39943
45474
54329
49266
43210
48953
48357
44955
48842
52701
48279
42252
44336
57148
47389
47005
41336
41751
42992
45132
40657
42842
45733
47248
43238
48583
42815
34813
51700
41857
41523
48861
42559
51691
51349
52303
47318
44188
52192
39569
42315
48322
41226
47057
46292
42248
39675
45510
43339
42453
47432
53548
43390
46869
38159
46811
48662
46147
48655
45701
51304
40738
36812
53888
53532
46067
43703
52772
47582
43652
45908
52675
47373
42562
41125
43206
39546
44965
39411
48285
47037
49568
44996
46774
44833
43913
53259
46195
39688
47909
49153
42384
45204
50019
49786
45391
48662
38876
50733
44279
51562
46119
43993
46096
47663
45120
41248
54232
47379
42881
43041
41450
49314
44144
46719
50543
45315
49925
46898
40979
45507
43231
41552
44497
43626
43741
43989
52609
56256
45481
49737
46793
40964
40348
51313
46226
48509
49021
48010
43291
47832
45535
39849
50538
49461
47761
46477
49033
46775
43253
45125
38950
49657
47155
45487
49220
47527
55989
50847
41222
50573
39429
37476
47117
45416
45442
43855
43087
46111
48172
44942
39701
43984
51801
43912
40373
52936
43414
45418
38893
45218
49709
42025
41442
41670
42768
40017
42344
43433
41931
52353
46180
48337
45399
47375
42763
42360
44961
43149
46652
46262
38577
46087
50354
47303
40934
38727
46550
40084
41148
50873
44587
53331
40932
48643
48065
51177
49137
42514
41943
39288
48088
44826
53314
42344
41959
42326
51469
39928
44732
45652
51173
47940
41196
41407
45853
38563
49417
45095
46290
44795
47917
54176
42709
45400
37878
50717
52430
53417
41642
48677
56871
44887
51211
50018
43919
50910
49048
44151
51307
45622
49807
44638
53168
44700
39371
47497
47702
41916
44967
44620
46172
48026
44725
42827
49982
48302
39394
47851
44639
46923
51059
41426
43578
48733
56002
48961
47673
46881
52968
47861
48680
46261
44981
42939
41109
41990
52199
41533
46222
44770
47108
52684
52197
45064
54411
40973
48633
43206
41523
39927
42337
47064
39796
42539
38355
37816
50852
43694
42434
51886
44065
43661
52077
49974
43453
50114
44367
38731
49054
36746
48831
45058
46540
40513
41594
42400
45682
46959
44374
40661
48210
45528
39251
40475
51168
48565
50251
53844
46142
46807
49513
53521
41784
39619
42221
44598
41094
37463
40510
49503
46259
60282
43324
47135
46026
49114
42090
50682
52992
55760
38625
46178
47643
46947
57265
45584
45610
45629
45002
52076
50653
43842
43828
37717
44100
51091
46140
43834
43427
39676
43229
49517
42969
47323
51057
44771
52863
46150
47384
42947
41925
36452
46644
46217
43710
42529
50005
48193
51155
53081
42960
44586
38840
42889
45842
45578
43492
46560
55797
46513
41274
51470
50346
55675
47168
44440
44870
54260
41659
34982
38421
45076
52541
48450
50153
45741
39832
50466
41242
48143
48449
46069
42220
44935
50358
51212
43576
54078
46213
44975
50009
44151
52336
47929
44366
38553
58513
56053
46931
42617
55204
47263
42847
48224
41835
47965
48965
50865
45625
49796
40779
47125
34011
48374
41837
46676
47469
47250
49608
39255
52747
47903
48021
43888
46594
46402
40432
56510
42880
45110
43262
52768
35193
45818
50881
43877
44764
43260
48218
53633
56715
48150
46769
51434
43655
37932
43511
44448
48569
43382
47031
48854
40443
48903
48328
46029
40991
45563
43254
47773
47661
49020
46965
52944
45442
47643
41850
47838
50482
48213
53136
40952
43791
44750
33846
56962
47258
43054
46389
46012
50332
45275
48217
44115
48251
36660
43753
56602
41771
49722
40708
40157
40544
50439
46432
40082
42830
42665
50488
40820
47821
52672
40631
43895
45597
52581
44183
54263
46538
50727
43525
50656
46927
38894
44426
47885
51372
49123
47834
49049
53749
44046
51892
46899
52685
37199
42218
42323
49027
42376
45377
48944
40491
39070
39022
49476
46130
40277
40423
43535
48025
44723
42342
45552
46982
47195
42056
42177
42504
49131
43427
48619
49006
50893
45739
47587
41978
49612
38155
50256
52952
57394
41059
43948
52391
44604
44778
47002
44583
39004
52038
47153
42923
50382
39289
44430
47314
46858
45775
41075
45756
38676
49736
43776
48243
45861
39406
46180
44065
43179
45838
40660
46825
50971
44774
44520
45671
43695
48515
51094
43091
53303
53281
40809
45227
32703
45611
37807
49822
42793
43115
55479
52283
44703
42900
39986
46336
42360
55118
46698
54030
49568
51974
43803
49070
42927
45610
41224
45429
44691
42812
46414
47460
53033
47548
53632
50268
53859
43289
46367
40412
49715
45231
51823
42920
48537
46173
44418
39472
46725
45770
40071
46557
50280
49684
39478
47221
45647
42077
47990
42379
51114
47351
44510
44841
40129
47096
50679
43504
46402
51434
50045
48626
40635
43818
48354
44407
36054
40357
41538
37011
46611
43455
47164
41683
47763
55310
43772
47587
44975
51079
37966
48754
43680
47428
50173
46706
51355
51242
50827
41665
40569
49347
41549
44699
44421
52995
48391
41288
43246
40388
44284
49234
47618
46189
56723
44657
39981
52979
43925
43314
51521
49077
42223
41000
41888
51988
56733
42152
49712
47982
45753
49786
46379
44854
50738
47732
43933
47053
52176
58534
41094
52208
50695
44011
38275
45150
50394
44434
49342
43997
53249
44806
54886
51617
43902
48660
47139
52947
47518
44671
43888
44179
49893
46222
49540
52165
52274
43882
47255
40137
44009
46607
52913
49703
49177
44654
52447
44788
48114
42542
41569
41024
36393
48089
38469
50035
39810
43050
47094
59102
44601
48564
37106
43720
42141
45356
49764
53826
49630
55467
46447
39817
50526
45253
46680
40027
38834
52642
45022
53486
40915
48128
45654
43620
46357
43619
42904
39496
44436
43058
47640
45783
33515
52072
51229
45473
43817
57565
41143
48459
42847
43561
45790
43221
55925
44254
50513
44148
49373
41829
48506
41940
48651
41957
45174
55604
38482
46685
41716
45884
42680
36697
46958
43600
44581
54507
43634
47380
44522
45476
44043
39760
62521
44991
42837
48074
42571
44682
41300
38364
37676
49500
45908
47680
38969
54302
40336
44925
44534
48278
45189
48810
51194
44096
44996
52392
50427
43903
50275
46660
55295
44035
49203
48255
42391
42616
42663
40474
46890
43321
50674
54237
45158
51215
54122
44156
49199
50860
51138
39396
41770
47318
